-7.5 	  0            
-6.16 	  0            
-4.521 	  0.0148871    
-3.85 	  0.0323368    
-2.26295  0.377118     
-1.38 	  0.692495     
-0.93942  0.860482     
-0.682 	  0.945699     
-0.145 	  1            
0.82529   0.83773      
1.56058   0.701257     
2.95764   0.547716     
6.4871 	  0.320253     
12.3694   0.132595     
16.0459   0.0529824    
22.59 	  -0.0323165   
28.2755   -0.0843197   
35.1635   -0.100556    
54.1895   -0.084316    
77.6303   -0.0520671   
96.55 	  -0.0317267   
116.985   -0.0198186   
136.34 	  -0.00989597  
151.34 	  0            
155  	  0            
