  60    0.0000  1.84098  -0.0612508 -0.0000000 0.998122 490.712  Hex 59.5
  30   51.9615  1.84098  -0.0306254 -0.0530447 0.998122 490.712  Hex 59.5
 -30   51.9615  1.84098   0.0306254 -0.0530447 0.998122 490.712  Hex 59.5
 -60    0.0000  1.84098   0.0612508 -0.0000000 0.998122 490.712  Hex 59.5
 -30  -51.9615  1.84098   0.0306254  0.0530447 0.998122 490.712  Hex 59.5
  30  -51.9615  1.84098  -0.0306254  0.0530447 0.998122 490.712  Hex 59.5
 120    0.0000  7.36392  -0.1218180 -0.0000000 0.992552 496.248  Hex 59.5
  90   51.9615  5.52294  -0.0915334 -0.0528468 0.994399 494.401  Hex 59.5
  60  103.9230  7.36392  -0.0609090 -0.1054970 0.992552 496.248  Hex 59.5
   0  103.9230  5.52294  -0.0000000 -0.1056940 0.994399 494.401  Hex 59.5
 -60  103.9230  7.36392   0.0609090 -0.1054970 0.992552 496.248  Hex 59.5
 -90   51.9615  5.52294   0.0915334 -0.0528468 0.994399 494.401  Hex 59.5
-120    0.0000  7.36392   0.1218180 -0.0000000 0.992552 496.248  Hex 59.5
 -90  -51.9615  5.52294   0.0915334  0.0528468 0.994399 494.401  Hex 59.5
 -60 -103.9230  7.36392   0.0609090  0.1054970 0.992552 496.248  Hex 59.5
   0 -103.9230  5.52294  -0.0000000  0.1056940 0.994399 494.401  Hex 59.5
  60 -103.9230  7.36392  -0.0609090  0.1054970 0.992552 496.248  Hex 59.5
  90  -51.9615  5.52294  -0.0915334  0.0528468 0.994399 494.401  Hex 59.5
 150   51.9615 12.88690  -0.1514320 -0.0524576 0.987075 501.799  Hex 59.5
 120  103.9230 12.88690  -0.1211460 -0.1049150 0.987075 501.799  Hex 59.5
  30  155.8850 12.88690  -0.0302864 -0.1573730 0.987075 501.799  Hex 59.5
 -30  155.8850 12.88690   0.0302864 -0.1573730 0.987075 501.799  Hex 59.5
-120  103.9230 12.88690   0.1211460 -0.1049150 0.987075 501.799  Hex 59.5
-150   51.9615 12.88690   0.1514320 -0.0524576 0.987075 501.799  Hex 59.5
-150  -51.9615 12.88690   0.1514320  0.0524576 0.987075 501.799  Hex 59.5
-120 -103.9230 12.88690   0.1211460  0.1049150 0.987075 501.799  Hex 59.5
 -30 -155.8850 12.88690   0.0302864  0.1573730 0.987075 501.799  Hex 59.5
  30 -155.8850 12.88690  -0.0302864  0.1573730 0.987075 501.799  Hex 59.5
 120 -103.9230 12.88690  -0.1211460  0.1049150 0.987075 501.799  Hex 59.5
 150  -51.9615 12.88690  -0.1514320  0.0524576 0.987075 501.799  Hex 59.5
# 210   51.9615 23.93270  -0.2097090 -0.0518896 0.976386 512.949  Hex 59.5
# 180  103.9230 22.09180  -0.1800740 -0.1039660 0.978143 511.087  Hex 59.5
# 150  155.8850 23.93270  -0.1497920 -0.1556690 0.976386 512.949  Hex 59.5
# 120  207.8460 29.45570  -0.1191940 -0.2064490 0.971170 518.547  Hex 59.5
#  60  207.8460 23.93270  -0.0599169 -0.2075580 0.976386 512.949  Hex 59.5
#   0  207.8460 22.09180  -0.0000000 -0.2079320 0.978143 511.087  Hex 59.5
# -60  207.8460 23.93270   0.0599169 -0.2075580 0.976386 512.949  Hex 59.5
#-120  207.8460 29.45570   0.1191940 -0.2064490 0.971170 518.547  Hex 59.5
#-150  155.8850 23.93270   0.1497920 -0.1556690 0.976386 512.949  Hex 59.5
#-180  103.9230 22.09180   0.1800740 -0.1039660 0.978143 511.087  Hex 59.5
#-210   51.9615 23.93270   0.2097090 -0.0518896 0.976386 512.949  Hex 59.5
