-39.5 -1.25
-39 -1.75
-38.5 -1.75
-38 -0.75
-37.5 -1.75
-37 -0.25
-36.5 -0.75
-36 -1.25
-35.5 -1.25
-35 -0.75
-34.5 -1.25
-34 -0.75
-33.5 -1.25
-33 -0.25
-32.5 -0.25
-32 -0.75
-31.5 -1.25
-31 -0.25
-30.5 -0.25
-30 -0.75
-29.5 -0.75
-29 -1.25
-28.5 0.25
-28 -1.25
-27.5 0.25
-27 -1.25
-26.5 -0.75
-26 -1.25
-25.5 -0.75
-25 -0.25
-24.5 -1.25
-24 -0.25
-23.5 0.25
-23 -0.75
-22.5 -0.75
-22 -0.25
-21.5 -0.75
-21 -0.25
-20.5 -1.25
-20 -1.25
-19.5 -0.75
-19 -0.25
-18.5 -0.75
-18 -1.25
-17.5 -1.25
-17 -1.75
-16.5 -0.75
-16 -0.75
-15.5 -0.75
-15 -0.25
-14.5 -1.25
-14 -0.75
-13.5 -1.25
-13 -0.75
-12.5 -1.25
-12 -1.25
-11.5 -1.25
-11 -1.75
-10.5 -0.75
-10 -0.75
-9.5 -0.25
-9 -1.75
-8.5 -0.75
-8 -0.75
-7.5 -1.25
-7 -0.25
-6.5 -0.75
-6 -0.25
-5.5 0.75
-5 2.25
-4.5 3.75
-4 6.25
-3.5 7.25
-3 7.75
-2.5 9.25
-2 10.25
-1.5 11.25
-1 10.75
-0.5 11.25
0 11.25
0.5 10.75
1 10.75
1.5 10.25
2 10.75
2.5 9.25
3 8.75
3.5 9.25
4 8.75
4.5 7.25
5 7.25
5.5 7.75
6 7.25
6.5 7.25
7 7.25
7.5 7.25
8 6.75
8.5 6.75
9 7.25
9.5 5.75
10 6.25
10.5 5.25
11 5.75
11.5 4.75
12 4.75
12.5 4.75
13 4.75
13.5 4.25
14 3.75
14.5 4.75
15 5.25
15.5 4.75
16 3.75
16.5 3.75
17 3.25
17.5 4.25
18 3.25
18.5 2.75
19 2.75
19.5 2.75
20 2.75
20.5 2.75
21 2.25
21.5 2.75
22 2.25
22.5 2.75
23 2.25
23.5 2.25
24 2.25
24.5 2.25
25 1.75
25.5 1.75
26 1.75
26.5 1.75
27 1.75
27.5 0.75
28 1.25
28.5 0.75
29 2.25
29.5 1.25
30 1.25
30.5 1.75
31 1.25
31.5 0.75
32 1.75
32.5 1.25
33 1.25
33.5 1.25
34 1.25
34.5 1.75
35 1.25
35.5 0.75
36 1.25
36.5 0.75
37 1.25
37.5 0.25
38 1.25
38.5 0.25
39 0.75
39.5 0.25
40 -0.25
40.5 0.75
41 0.25
41.5 -0.25
42 0.75
42.5 -0.75
43 0.25
43.5 0.75
44 -0.25
44.5 -0.25
45 0.25
45.5 0.75
46 -0.75
46.5 -0.25
47 -0.25
47.5 -0.25
48 -0.25
48.5 -0.25
49 0.25
49.5 -0.25
50 -0.25
50.5 -0.25
51 -0.25
51.5 0.25
52 0.25
52.5 0.25
53 0.25
53.5 -0.75
54 -0.75
54.5 -0.25
55 -0.25
55.5 -0.75
56 0.75
56.5 0.75
57 -1.25
57.5 -1.25
58 -1.25
58.5 0.25
59 -1.25
59.5 0.25
60 -0.75
60.5 -1.25
61 -0.25
61.5 0.25
62 0.25
62.5 0.25
63 0.25
63.5 -1.25
64 -0.75
64.5 -0.75
65 -0.25
65.5 0.25
66 -0.75
66.5 0.25
67 -0.25
67.5 -0.75
68 -0.75
68.5 -0.25
69 -0.75
69.5 -1.25
70 -0.75
70.5 -0.25
71 -1.25
71.5 0.25
72 -0.25
72.5 -0.25
73 0.25
73.5 -1.25
74 -0.75
74.5 -0.25
75 -0.75
75.5 -0.75
76 -0.75
76.5 -0.25
77 -1.25
77.5 -1.25
78 -0.25
78.5 -0.75
79 0.25
79.5 -1.25
80 -0.25
80.5 -0.75
81 -0.75
81.5 -0.75
82 -0.25
82.5 -0.25
83 0.75
83.5 -1.75
84 -1.25
84.5 -0.75
85 -1.75
85.5 -1.25
86 -0.75
86.5 0.25
87 -0.25
87.5 -0.25
88 -0.25
88.5 -1.75
89 -1.25
89.5 -0.25
90 0.75
90.5 -2.25
91 -1.25
91.5 -0.25
92 -0.75
92.5 -1.75
93 0.25
93.5 -0.75
94 -0.75
94.5 -0.25
95 -0.75
95.5 -0.25
96 -0.25
96.5 -0.25
97 -0.25
97.5 -1.25
98 -0.75
98.5 -0.25
99 0.25
99.5 -1.25
100 -1.75
100.5 -1.25
101 -0.75
101.5 -0.75
102 -0.25
102.5 -0.25
103 -0.75
103.5 0.25
104 -1.25
104.5 -1.25
105 -0.75
105.5 -0.25
106 -0.75
106.5 -1.25
107 -0.25
107.5 -1.25
108 -0.75
108.5 -0.75
109 -0.25
109.5 -1.25
110 -1.75
