23203 49.2726 61.8901
23204 41.693 83.1926
23209 33.6331 88.5239
23210 28.2513 92.6265
23212 21.4295 96.1593
23213 16.432 97.7467
23216 0.550093 102.076
23217 -8.98307 101.311
23219 -19.9699 101.232
23220 -48.3997 97.7073
23222 -35.553 94.5315
23223 -42.1249 90.7072
23225 -49.72 87.585
23226 -48.378 70.4774
23229 -55.2906 60.7539
23230 -56.1453 60.0578
23232 -57.1738 52.706
23233 -57.0943 47.5582
23235 -63.7419 43.9618
23236 -62.0881 37.9026
23238 -73.589 36.2268
23239 -70.8132 31.9569
23241 -70.478 28.262
23242 -69.6348 24.0415
23244 -68.4586 20.6795
23245 -67.2766 19.0235
23250 -55.8484 0.194891
23253 -53.7881 -3.28016
23255 -52.8007 -4.84312
23256 -51.2311 -6.88246
23259 -48.3625 -9.56292
23262 -45.6057 -11.7548
23265 -43.3533 -13.5378
23268 -44.4973 -14.4726
23271 -43.343 -15.6643
23273 -42.2395 -16.4098
23275 -41.4118 -16.7661
23278 -40.2932 -17.6661
23279 -39.9929 -17.671
23280 -39.711 -17.442
23281 -39.0344 -18.3018
23282 -38.4745 -18.2764
23283 -35.0204 -18.1458
23289 -34.7234 -20.9747
23291 -34.1059 -22.5775
23292 -34.7917 -21.5298
23293 -33.2113 -22.229
23294 -33.4358 -21.962
23297 -32.7803 -21.0645
23299 -31.8816 -21.61
23300 -30.4907 -23.1672
23301 -31.7465 -21.3046
23302 -30.2575 -21.4706
23303 -29.7285 -21.6212
23304 -29.5768 -21.3276
23305 -29.2646 -23.2172
23306 -29.0006 -21.7169
23307 -28.9752 -21.71
23308 -29.1528 -21.6656
23309 -28.5402 -21.0133
23310 -28.6243 -21.7256
23311 -29.0955 -21.5047
23312 -29.5512 -22.1346
23314 -29.679 -22.068
23317 -30.901 -21.6827
