-825.0000 -375.0000  120.9856 0.23484851 0.10674932 0.96615255  1819.0634 Square 49.5
-825.0000 -325.0000  115.8294 0.23518226 0.09264756 0.96752557  1813.8174 Square 49.5
-825.0000 -275.0000  111.4098 0.23546947 0.07848982 0.96870712  1809.3239 Square 49.5
-825.0000 -225.0000  115.7269 0.23669581 0.06455340 0.96943692  1805.5815 Square 49.5
-825.0000 -175.0000  112.7805 0.23689252 0.05024993 0.97023548  1802.5890 Square 49.5
-825.0000 -125.0000  102.5707 0.23604705 0.03576470 0.97108325  1800.3455 Square 49.5
-825.0000  -25.0000  108.3609 0.23718851 0.00718753 0.97143706  1798.1027 Square 49.5
-825.0000   25.0000  108.3609 0.23718851 -0.00718753 0.97143706 1798.1027 Square 49.5
-825.0000  125.0000  102.5707 0.23604705 -0.03576470 0.97108325 1800.3455 Square 49.5
-825.0000  175.0000  112.7805 0.23689252 -0.05024993 0.97023548 1802.5890 Square 49.5
-825.0000  225.0000  115.7269 0.23669581 -0.06455340 0.96943692 1805.5815 Square 49.5
-825.0000  275.0000  111.4098 0.23546947 -0.07848982 0.96870712 1809.3239 Square 49.5
-825.0000  325.0000  115.8294 0.23518226 -0.09264756 0.96752557 1813.8174 Square 49.5
-825.0000  375.0000  120.9856 0.23484851 -0.10674932 0.96615255 1819.0634 Square 49.5
-775.0000 -425.0000  115.0928 0.22097369 0.12117912 0.96772220  1813.0683 Square 49.5
-775.0000 -375.0000  109.2001 0.22133386 0.10709703 0.96929951  1807.0782 Square 49.5
-775.0000 -325.0000  104.0439 0.22165046 0.09295019 0.97068601  1801.8411 Square 49.5
-775.0000 -275.0000   99.6243 0.22192291 0.07874684 0.97187919  1797.3553 Square 49.5
-775.0000 -225.0000  103.9414 0.22309255 0.06476880 0.97264316  1793.6193 Square 49.5
-775.0000 -175.0000  100.9950 0.22327921 0.05041789 0.97344976  1790.6319 Square 49.5
-775.0000 -125.0000   90.7852 0.22247085 0.03588240 0.97427880  1788.3922 Square 49.5
-775.0000  -75.0000   89.3120 0.22256257 0.02153831 0.97468046  1786.8995 Square 49.5
-775.0000  -25.0000   96.5754 0.22356009 0.00721162 0.97466347  1786.1532 Square 49.5
-775.0000   25.0000   96.5754 0.22356009 -0.00721162 0.97466347 1786.1532 Square 49.5
-775.0000   75.0000   89.3120 0.22256257 -0.02153831 0.97468046 1786.8995 Square 49.5
-775.0000  125.0000   90.7852 0.22247085 -0.03588240 0.97427880 1788.3922 Square 49.5
-775.0000  175.0000  100.9950 0.22327921 -0.05041789 0.97344976 1790.6319 Square 49.5
-775.0000  225.0000  103.9414 0.22309255 -0.06476880 0.97264316 1793.6193 Square 49.5
-775.0000  275.0000   99.6243 0.22192291 -0.07874684 0.97187919 1797.3553 Square 49.5
-775.0000  325.0000  104.0439 0.22165046 -0.09295019 0.97068601 1801.8411 Square 49.5
-775.0000  375.0000  109.2001 0.22133386 -0.10709703 0.96929951 1807.0782 Square 49.5
-775.0000  425.0000  115.0928 0.22097369 -0.12117912 0.96772220 1813.0683 Square 49.5
-725.0000 -475.0000  110.6732 0.20696987 0.13560095 0.96890446  1808.5752 Square 49.5
-725.0000 -425.0000  104.0439 0.20735043 0.12155025 0.97068601  1801.8411 Square 49.5
-725.0000 -375.0000   98.1511 0.20769047 0.10742611 0.97227789  1795.8606 Square 49.5
-725.0000 -325.0000  100.9950 0.20887410 0.09363322 0.97344976  1790.6319 Square 49.5
-725.0000 -275.0000   96.5754 0.20913686 0.07932777 0.97466347  1786.1532 Square 49.5
-725.0000 -225.0000   84.8925 0.20846173 0.06469502 0.97588845  1782.4232 Square 49.5
-725.0000 -175.0000   81.9461 0.20863429 0.05036000 0.97669627  1779.4406 Square 49.5
-725.0000 -125.0000   87.7363 0.20966540 0.03614921 0.97710473  1777.2046 Square 49.5
-725.0000  -75.0000   86.2631 0.20975389 0.02169868 0.97751341  1775.7142 Square 49.5
-725.0000  -25.0000   77.5265 0.20889394 0.00720324 0.97791177  1774.9692 Square 49.5
-725.0000   25.0000   77.5265 0.20889394 -0.00720324 0.97791177 1774.9692 Square 49.5
-725.0000   75.0000   86.2631 0.20975389 -0.02169868 0.97751341 1775.7142 Square 49.5
-725.0000  125.0000   87.7363 0.20966540 -0.03614921 0.97710473 1777.2046 Square 49.5
-725.0000  175.0000   81.9461 0.20863429 -0.05036000 0.97669627 1779.4406 Square 49.5
-725.0000  225.0000   84.8925 0.20846173 -0.06469502 0.97588845 1782.4232 Square 49.5
-725.0000  275.0000   96.5754 0.20913686 -0.07932777 0.97466347 1786.1532 Square 49.5
-725.0000  325.0000  100.9950 0.20887410 -0.09363322 0.97344976 1790.6319 Square 49.5
-725.0000  375.0000   98.1511 0.20769047 -0.10742611 0.97227789 1795.8606 Square 49.5
-725.0000  425.0000  104.0439 0.20735043 -0.12155025 0.97068601 1801.8411 Square 49.5
-725.0000  475.0000  110.6732 0.20696987 -0.13560095 0.96890446 1808.5752 Square 49.5
-675.0000 -525.0000  107.7269 0.19285332 0.14999702 0.96969505  1805.5815 Square 49.5
-675.0000 -475.0000  100.3609 0.19324809 0.13598940 0.97168002  1798.1027 Square 49.5
-675.0000 -425.0000   93.7316 0.19360546 0.12189974 0.97347695  1791.3786 Square 49.5
-675.0000 -375.0000   87.8388 0.19392480 0.10773600 0.97508263  1785.4071 Square 49.5
-675.0000 -325.0000   90.6827 0.19504127 0.09390876 0.97628892  1780.1862 Square 49.5
-675.0000 -275.0000   86.2631 0.19528810 0.07956182 0.97751341  1775.7142 Square 49.5
-675.0000 -225.0000   74.5801 0.19464912 0.06488304 0.97872463  1771.9898 Square 49.5
-675.0000 -175.0000   71.6338 0.19481119 0.05050660 0.97953953  1769.0117 Square 49.5
-675.0000 -125.0000   77.4240 0.19578462 0.03625641 0.97997646  1766.7790 Square 49.5
-675.0000  -75.0000   75.9508 0.19586775 0.02176308 0.98038880  1765.2909 Square 49.5
-675.0000  -25.0000   67.2142 0.19505505 0.00722426 0.98076569  1764.5469 Square 49.5
-675.0000   25.0000   67.2142 0.19505505 -0.00722426 0.98076569 1764.5469 Square 49.5
-675.0000   75.0000   75.9508 0.19586775 -0.02176308 0.98038880 1765.2909 Square 49.5
-675.0000  125.0000   77.4240 0.19578462 -0.03625641 0.97997646 1766.7790 Square 49.5
-675.0000  175.0000   71.6338 0.19481119 -0.05050660 0.97953953 1769.0117 Square 49.5
-675.0000  225.0000   74.5801 0.19464912 -0.06488304 0.97872463 1771.9898 Square 49.5
-675.0000  275.0000   86.2631 0.19528810 -0.07956182 0.97751341 1775.7142 Square 49.5
-675.0000  325.0000   90.6827 0.19504127 -0.09390876 0.97628892 1780.1862 Square 49.5
-675.0000  375.0000   87.8388 0.19392480 -0.10773600 0.97508263 1785.4071 Square 49.5
-675.0000  425.0000   93.7316 0.19360546 -0.12189974 0.97347695 1791.3786 Square 49.5
-675.0000  475.0000  100.3609 0.19324809 -0.13598940 0.97168002 1798.1027 Square 49.5
-675.0000  525.0000  107.7269 0.19285332 -0.14999702 0.96969505 1805.5815 Square 49.5
-625.0000 -575.0000  106.2537 0.17864081 0.16434955 0.97009107  1804.0851 Square 49.5
-625.0000 -525.0000   98.1511 0.17904351 0.15039655 0.97227789  1795.8606 Square 49.5
-625.0000 -475.0000   90.7852 0.17941198 0.13635310 0.97427880  1788.3922 Square 49.5
-625.0000 -425.0000   92.1559 0.18051778 0.12275209 0.97588178  1781.6775 Square 49.5
-625.0000 -375.0000   86.2631 0.18082232 0.10849339 0.97751341  1775.7142 Square 49.5
-625.0000 -325.0000   73.1070 0.18030565 0.09375894 0.97913183  1770.5006 Square 49.5
-625.0000 -275.0000   68.6874 0.18053117 0.07943371 0.98035646  1766.0349 Square 49.5
-625.0000 -225.0000   73.0044 0.18151326 0.06534477 0.98121506  1762.3156 Square 49.5
-625.0000 -175.0000   70.0580 0.18166790 0.05086701 0.98204344  1759.3417 Square 49.5
-625.0000 -125.0000   59.8483 0.18098475 0.03619695 0.98281957  1757.1121 Square 49.5
-625.0000  -75.0000   58.3751 0.18106068 0.02172728 0.98323189  1755.6261 Square 49.5
-625.0000  -25.0000   65.6385 0.18190060 0.00727602 0.98329000  1754.8832 Square 49.5
-625.0000   25.0000   65.6385 0.18190060 -0.00727602 0.98329000 1754.8832 Square 49.5
-625.0000   75.0000   58.3751 0.18106068 -0.02172728 0.98323189 1755.6261 Square 49.5
-625.0000  125.0000   59.8483 0.18098475 -0.03619695 0.98281957 1757.1121 Square 49.5
-625.0000  175.0000   70.0580 0.18166790 -0.05086701 0.98204344 1759.3417 Square 49.5
-625.0000  225.0000   73.0044 0.18151326 -0.06534477 0.98121506 1762.3156 Square 49.5
-625.0000  275.0000   68.6874 0.18053117 -0.07943371 0.98035646 1766.0349 Square 49.5
-625.0000  325.0000   73.1070 0.18030565 -0.09375894 0.97913183 1770.5006 Square 49.5
-625.0000  375.0000   86.2631 0.18082232 -0.10849339 0.97751341 1775.7142 Square 49.5
-625.0000  425.0000   92.1559 0.18051778 -0.12275209 0.97588178 1781.6775 Square 49.5
-625.0000  475.0000   90.7852 0.17941198 -0.13635310 0.97427880 1788.3922 Square 49.5
-625.0000  525.0000   98.1511 0.17904351 -0.15039655 0.97227789 1795.8606 Square 49.5
-625.0000  575.0000  106.2537 0.17864081 -0.16434955 0.97009107 1804.0851 Square 49.5
-575.0000 -625.0000  106.2537 0.16434955 0.17864081 0.97009107  1804.0851 Square 49.5
-575.0000 -575.0000   97.4146 0.16475384 0.16475384 0.97247743  1795.1134 Square 49.5
-575.0000 -525.0000   89.3120 0.16512707 0.15076819 0.97468046  1786.8995 Square 49.5
-575.0000 -475.0000   81.9461 0.16546858 0.13669143 0.97669627  1779.4406 Square 49.5
-575.0000 -425.0000   83.3167 0.16649716 0.12306312 0.97833234  1772.7345 Square 49.5
-575.0000 -375.0000   77.4240 0.16677949 0.10876923 0.97997646  1766.7790 Square 49.5
-575.0000 -325.0000   64.2678 0.16629693 0.09399392 0.98158569  1761.5720 Square 49.5
-575.0000 -275.0000   59.8483 0.16650597 0.07963329 0.98281957  1757.1121 Square 49.5
-575.0000 -225.0000   64.1653 0.16742010 0.06551221 0.98370659  1753.3976 Square 49.5
-575.0000 -175.0000   61.2189 0.16756347 0.05099758 0.98454138  1750.4275 Square 49.5
-575.0000 -125.0000   51.0091 0.16692642 0.03628835 0.98530134  1748.2008 Square 49.5
-575.0000  -75.0000   49.5359 0.16699681 0.02178219 0.98571680  1746.7167 Square 49.5
-575.0000  -25.0000   56.7994 0.16777923 0.00729475 0.98579760  1745.9748 Square 49.5
-575.0000   25.0000   56.7994 0.16777923 -0.00729475 0.98579760 1745.9748 Square 49.5
-575.0000   75.0000   49.5359 0.16699681 -0.02178219 0.98571680 1746.7167 Square 49.5
-575.0000  125.0000   51.0091 0.16692642 -0.03628835 0.98530134 1748.2008 Square 49.5
-575.0000  175.0000   61.2189 0.16756347 -0.05099758 0.98454138 1750.4275 Square 49.5
-575.0000  225.0000   64.1653 0.16742010 -0.06551221 0.98370659 1753.3976 Square 49.5
-575.0000  275.0000   59.8483 0.16650597 -0.07963329 0.98281957 1757.1121 Square 49.5
-575.0000  325.0000   64.2678 0.16629693 -0.09399392 0.98158569 1761.5720 Square 49.5
-575.0000  375.0000   77.4240 0.16677949 -0.10876923 0.97997646 1766.7790 Square 49.5
-575.0000  425.0000   83.3167 0.16649716 -0.12306312 0.97833234 1772.7345 Square 49.5
-575.0000  475.0000   81.9461 0.16546858 -0.13669143 0.97669627 1779.4406 Square 49.5
-575.0000  525.0000   89.3120 0.16512707 -0.15076819 0.97468046 1786.8995 Square 49.5
-575.0000  575.0000   97.4146 0.16475384 -0.16475384 0.97247743 1795.1134 Square 49.5
-575.0000  625.0000  106.2537 0.16434955 -0.17864081 0.97009107 1804.0851 Square 49.5
-525.0000 -675.0000  107.7269 0.14999702 0.19285332 0.96969505  1805.5815 Square 49.5
-525.0000 -625.0000   98.1511 0.15039655 0.17904351 0.97227789  1795.8606 Square 49.5
-525.0000 -575.0000   89.3120 0.15076819 0.16512707 0.97468046  1786.8995 Square 49.5
-525.0000 -525.0000   89.2095 0.15176268 0.15176268 0.97669656  1778.6952 Square 49.5
-525.0000 -475.0000   81.8435 0.15208347 0.13759933 0.97874258  1771.2452 Square 49.5
-525.0000 -425.0000   67.2142 0.15170948 0.12281244 0.98076569  1764.5469 Square 49.5
-525.0000 -375.0000   61.3214 0.15196349 0.10854535 0.98240776  1758.5984 Square 49.5
-525.0000 -325.0000   64.1653 0.15286183 0.09462875 0.98370659  1753.3976 Square 49.5
-525.0000 -275.0000   59.7457 0.15305832 0.08017340 0.98495958  1748.9429 Square 49.5
-525.0000 -225.0000   48.0628 0.15253969 0.06537415 0.98613278  1745.2329 Square 49.5
-525.0000 -175.0000   45.1164 0.15266863 0.05088954 0.98696633  1742.2663 Square 49.5
-525.0000 -125.0000   50.9066 0.15345360 0.03653657 0.98748016  1740.0422 Square 49.5
-525.0000  -75.0000   49.4334 0.15351978 0.02193140 0.98790217  1738.5599 Square 49.5
-525.0000  -25.0000   40.6968 0.15286265 0.00727917 0.98822064  1737.8188 Square 49.5
-525.0000   25.0000   40.6968 0.15286265 -0.00727917 0.98822064 1737.8188 Square 49.5
-525.0000   75.0000   49.4334 0.15351978 -0.02193140 0.98790217 1738.5599 Square 49.5
-525.0000  125.0000   50.9066 0.15345360 -0.03653657 0.98748016 1740.0422 Square 49.5
-525.0000  175.0000   45.1164 0.15266863 -0.05088954 0.98696633 1742.2663 Square 49.5
-525.0000  225.0000   48.0628 0.15253969 -0.06537415 0.98613278 1745.2329 Square 49.5
-525.0000  275.0000   59.7457 0.15305832 -0.08017340 0.98495958 1748.9429 Square 49.5
-525.0000  325.0000   64.1653 0.15286183 -0.09462875 0.98370659 1753.3976 Square 49.5
-525.0000  375.0000   61.3214 0.15196349 -0.10854535 0.98240776 1758.5984 Square 49.5
-525.0000  425.0000   67.2142 0.15170948 -0.12281244 0.98076569 1764.5469 Square 49.5
-525.0000  475.0000   81.8435 0.15208347 -0.13759933 0.97874258 1771.2452 Square 49.5
-525.0000  525.0000   89.2095 0.15176268 -0.15176268 0.97669656 1778.6952 Square 49.5
-525.0000  575.0000   89.3120 0.15076819 -0.16512707 0.97468046 1786.8995 Square 49.5
-525.0000  625.0000   98.1511 0.15039655 -0.17904351 0.97227789 1795.8606 Square 49.5
-525.0000  675.0000  107.7269 0.14999702 -0.19285332 0.96969505 1805.5815 Square 49.5
-475.0000 -725.0000  110.6732 0.13560095 0.20696987 0.96890446  1808.5752 Square 49.5
-475.0000 -675.0000  100.3609 0.13598940 0.19324809 0.97168002  1798.1027 Square 49.5
-475.0000 -625.0000   90.7852 0.13635310 0.17941198 0.97427880  1788.3922 Square 49.5
-475.0000 -575.0000   81.9461 0.13669143 0.16546858 0.97669627  1779.4406 Square 49.5
-475.0000 -525.0000   81.8435 0.13759933 0.15208347 0.97874258  1771.2452 Square 49.5
-475.0000 -475.0000   74.4776 0.13789143 0.13789143 0.98080166  1763.8031 Square 49.5
-475.0000 -425.0000   59.8483 0.13754841 0.12306963 0.98281957  1757.1121 Square 49.5
-475.0000 -375.0000   53.9555 0.13777967 0.10877342 0.98447199  1751.1699 Square 49.5
-475.0000 -325.0000   56.7994 0.13860024 0.09483174 0.98579760  1745.9748 Square 49.5
-475.0000 -275.0000   52.3798 0.13877917 0.08034584 0.98705871  1741.5249 Square 49.5
-475.0000 -225.0000   40.6968 0.13830430 0.06551256 0.98822064  1737.8188 Square 49.5
-475.0000 -175.0000   37.7504 0.13842170 0.05099747 0.98905950  1734.8554 Square 49.5
-475.0000 -125.0000   43.5407 0.13913916 0.03661557 0.98959567  1732.6337 Square 49.5
-475.0000  -75.0000   42.0675 0.13919943 0.02197886 0.99002043  1731.1530 Square 49.5
-475.0000  -25.0000   33.3309 0.13859837 0.00729465 0.99032181  1730.4127 Square 49.5
-475.0000   25.0000   33.3309 0.13859837 -0.00729465 0.99032181 1730.4127 Square 49.5
-475.0000   75.0000   42.0675 0.13919943 -0.02197886 0.99002043 1731.1530 Square 49.5
-475.0000  125.0000   43.5407 0.13913916 -0.03661557 0.98959567 1732.6337 Square 49.5
-475.0000  175.0000   37.7504 0.13842170 -0.05099747 0.98905950 1734.8554 Square 49.5
-475.0000  225.0000   40.6968 0.13830430 -0.06551256 0.98822064 1737.8188 Square 49.5
-475.0000  275.0000   52.3798 0.13877917 -0.08034584 0.98705871 1741.5249 Square 49.5
-475.0000  325.0000   56.7994 0.13860024 -0.09483174 0.98579760 1745.9748 Square 49.5
-475.0000  375.0000   53.9555 0.13777967 -0.10877342 0.98447199 1751.1699 Square 49.5
-475.0000  425.0000   59.8483 0.13754841 -0.12306963 0.98281957 1757.1121 Square 49.5
-475.0000  475.0000   74.4776 0.13789143 -0.13789143 0.98080166 1763.8031 Square 49.5
-475.0000  525.0000   81.8435 0.13759933 -0.15208347 0.97874258 1771.2452 Square 49.5
-475.0000  575.0000   81.9461 0.13669143 -0.16546858 0.97669627 1779.4406 Square 49.5
-475.0000  625.0000   90.7852 0.13635310 -0.17941198 0.97427880 1788.3922 Square 49.5
-475.0000  675.0000  100.3609 0.13598940 -0.19324809 0.97168002 1798.1027 Square 49.5
-475.0000  725.0000  110.6732 0.13560095 -0.20696987 0.96890446 1808.5752 Square 49.5
-425.0000 -775.0000  115.0928 0.12117912 0.22097369 0.96772220  1813.0683 Square 49.5
-425.0000 -725.0000  104.0439 0.12155025 0.20735043 0.97068601  1801.8411 Square 49.5
-425.0000 -675.0000   93.7316 0.12189974 0.19360546 0.97347695  1791.3786 Square 49.5
-425.0000 -625.0000   92.1559 0.12275209 0.18051778 0.97588178  1781.6775 Square 49.5
-425.0000 -575.0000   83.3167 0.12306312 0.16649716 0.97833234  1772.7345 Square 49.5
-425.0000 -525.0000   67.2142 0.12281244 0.15170948 0.98076569  1764.5469 Square 49.5
-425.0000 -475.0000   59.8483 0.12306963 0.13754841 0.98281957  1757.1121 Square 49.5
-425.0000 -425.0000   61.2189 0.12385126 0.12385126 0.98454138  1750.4275 Square 49.5
-425.0000 -375.0000   55.3262 0.12406403 0.10946827 0.98621743  1744.4911 Square 49.5
-425.0000 -325.0000   42.1700 0.12369353 0.09458917 0.98780200  1739.3010 Square 49.5
-425.0000 -275.0000   37.7504 0.12385100 0.08013888 0.98905950  1734.8554 Square 49.5
-425.0000 -225.0000   42.0675 0.12454686 0.06593657 0.99002043  1731.1530 Square 49.5
-425.0000 -175.0000   39.1211 0.12465493 0.05132850 0.99087160  1728.1924 Square 49.5
-425.0000 -125.0000   28.9113 0.12416774 0.03651992 0.99158896  1725.9729 Square 49.5
-425.0000  -75.0000   27.4381 0.12422077 0.02192131 0.99201243  1724.4936 Square 49.5
-425.0000  -25.0000   34.7015 0.12481757 0.00734221 0.99215254  1723.7540 Square 49.5
-425.0000   25.0000   34.7015 0.12481757 -0.00734221 0.99215254 1723.7540 Square 49.5
-425.0000   75.0000   27.4381 0.12422077 -0.02192131 0.99201243 1724.4936 Square 49.5
-425.0000  125.0000   28.9113 0.12416774 -0.03651992 0.99158896 1725.9729 Square 49.5
-425.0000  175.0000   39.1211 0.12465493 -0.05132850 0.99087160 1728.1924 Square 49.5
-425.0000  225.0000   42.0675 0.12454686 -0.06593657 0.99002043 1731.1530 Square 49.5
-425.0000  275.0000   37.7504 0.12385100 -0.08013888 0.98905950 1734.8554 Square 49.5
-425.0000  325.0000   42.1700 0.12369353 -0.09458917 0.98780200 1739.3010 Square 49.5
-425.0000  375.0000   55.3262 0.12406403 -0.10946827 0.98621743 1744.4911 Square 49.5
-425.0000  425.0000   61.2189 0.12385126 -0.12385126 0.98454138 1750.4275 Square 49.5
-425.0000  475.0000   59.8483 0.12306963 -0.13754841 0.98281957 1757.1121 Square 49.5
-425.0000  525.0000   67.2142 0.12281244 -0.15170948 0.98076569 1764.5469 Square 49.5
-425.0000  575.0000   83.3167 0.12306312 -0.16649716 0.97833234 1772.7345 Square 49.5
-425.0000  625.0000   92.1559 0.12275209 -0.18051778 0.97588178 1781.6775 Square 49.5
-425.0000  675.0000   93.7316 0.12189974 -0.19360546 0.97347695 1791.3786 Square 49.5
-425.0000  725.0000  104.0439 0.12155025 -0.20735043 0.97068601 1801.8411 Square 49.5
-425.0000  775.0000  115.0928 0.12117912 -0.22097369 0.96772220 1813.0683 Square 49.5
-375.0000 -825.0000  120.9856 0.10674932 0.23484851 0.96615255  1819.0634 Square 49.5
-375.0000 -775.0000  109.2001 0.10709703 0.22133386 0.96929951  1807.0782 Square 49.5
-375.0000 -725.0000   98.1511 0.10742611 0.20769047 0.97227789  1795.8606 Square 49.5
-375.0000 -675.0000   87.8388 0.10773600 0.19392480 0.97508263  1785.4071 Square 49.5
-375.0000 -625.0000   86.2631 0.10849339 0.18082232 0.97751341  1775.7142 Square 49.5
-375.0000 -575.0000   77.4240 0.10876923 0.16677949 0.97997646  1766.7790 Square 49.5
-375.0000 -525.0000   61.3214 0.10854535 0.15196349 0.98240776  1758.5984 Square 49.5
-375.0000 -475.0000   53.9555 0.10877342 0.13777967 0.98447199  1751.1699 Square 49.5
-375.0000 -425.0000   55.3262 0.10946827 0.12406403 0.98621743  1744.4911 Square 49.5
-375.0000 -375.0000   49.4334 0.10965699 0.10965699 0.98790217  1738.5599 Square 49.5
-375.0000 -325.0000   36.2773 0.10932672 0.09474983 0.98947973  1733.3742 Square 49.5
-375.0000 -275.0000   31.8577 0.10946637 0.08027534 0.99074365  1728.9324 Square 49.5
-375.0000 -225.0000   36.1747 0.11008525 0.06605115 0.99172500  1725.2332 Square 49.5
-375.0000 -175.0000   33.2283 0.11018111 0.05141785 0.99258064  1722.2752 Square 49.5
-375.0000 -125.0000   23.0186 0.10974728 0.03658243 0.99328609  1720.0576 Square 49.5
-375.0000  -75.0000   21.5454 0.10979431 0.02195886 0.99371174  1718.5796 Square 49.5
-375.0000  -25.0000   28.8088 0.11032538 0.00735503 0.99386831  1717.8407 Square 49.5
-375.0000   25.0000   28.8088 0.11032538 -0.00735503 0.99386831 1717.8407 Square 49.5
-375.0000   75.0000   21.5454 0.10979431 -0.02195886 0.99371174 1718.5796 Square 49.5
-375.0000  125.0000   23.0186 0.10974728 -0.03658243 0.99328609 1720.0576 Square 49.5
-375.0000  175.0000   33.2283 0.11018111 -0.05141785 0.99258064 1722.2752 Square 49.5
-375.0000  225.0000   36.1747 0.11008525 -0.06605115 0.99172500 1725.2332 Square 49.5
-375.0000  275.0000   31.8577 0.10946637 -0.08027534 0.99074365 1728.9324 Square 49.5
-375.0000  325.0000   36.2773 0.10932672 -0.09474983 0.98947973 1733.3742 Square 49.5
-375.0000  375.0000   49.4334 0.10965699 -0.10965699 0.98790217 1738.5599 Square 49.5
-375.0000  425.0000   55.3262 0.10946827 -0.12406403 0.98621743 1744.4911 Square 49.5
-375.0000  475.0000   53.9555 0.10877342 -0.13777967 0.98447199 1751.1699 Square 49.5
-375.0000  525.0000   61.3214 0.10854535 -0.15196349 0.98240776 1758.5984 Square 49.5
-375.0000  575.0000   77.4240 0.10876923 -0.16677949 0.97997646 1766.7790 Square 49.5
-375.0000  625.0000   86.2631 0.10849339 -0.18082232 0.97751341 1775.7142 Square 49.5
-375.0000  675.0000   87.8388 0.10773600 -0.19392480 0.97508263 1785.4071 Square 49.5
-375.0000  725.0000   98.1511 0.10742611 -0.20769047 0.97227789 1795.8606 Square 49.5
-375.0000  775.0000  109.2001 0.10709703 -0.22133386 0.96929951 1807.0782 Square 49.5
-375.0000  825.0000  120.9856 0.10674932 -0.23484851 0.96615255 1819.0634 Square 49.5
-325.0000 -825.0000  115.8294 0.09264756 0.23518226 0.96752557  1813.8174 Square 49.5
-325.0000 -775.0000  104.0439 0.09295019 0.22165046 0.97068601  1801.8411 Square 49.5
-325.0000 -725.0000  100.9950 0.09363322 0.20887410 0.97344976  1790.6319 Square 49.5
-325.0000 -675.0000   90.6827 0.09390876 0.19504127 0.97628892  1780.1862 Square 49.5
-325.0000 -625.0000   73.1070 0.09375894 0.18030565 0.97913183  1770.5006 Square 49.5
-325.0000 -575.0000   64.2678 0.09399392 0.16629693 0.98158569  1761.5720 Square 49.5
-325.0000 -525.0000   64.1653 0.09462875 0.15286183 0.98370659  1753.3976 Square 49.5
-325.0000 -475.0000   56.7994 0.09483174 0.13860024 0.98579760  1745.9748 Square 49.5
-325.0000 -425.0000   42.1700 0.09458917 0.12369353 0.98780200  1739.3010 Square 49.5
-325.0000 -375.0000   36.2773 0.09474983 0.10932672 0.98947973  1733.3742 Square 49.5
-325.0000 -325.0000   39.1211 0.09532436 0.09532436 0.99087160  1728.1924 Square 49.5
-325.0000 -275.0000   34.7015 0.09544873 0.08076431 0.99215254  1723.7540 Square 49.5
-325.0000 -225.0000   23.0186 0.09511431 0.06584837 0.99328609  1720.0576 Square 49.5
-325.0000 -175.0000   20.0722 0.09519588 0.05125932 0.99413793  1717.1019 Square 49.5
-325.0000 -125.0000   25.8624 0.09569896 0.03680729 0.99472958  1714.8859 Square 49.5
-325.0000  -75.0000   24.3892 0.09574086 0.02209404 0.99516106  1713.4090 Square 49.5
-325.0000  -25.0000   15.6526 0.09531863 0.00733220 0.99541981  1712.6707 Square 49.5
-325.0000   25.0000   15.6526 0.09531863 -0.00733220 0.99541981 1712.6707 Square 49.5
-325.0000   75.0000   24.3892 0.09574086 -0.02209404 0.99516106 1713.4090 Square 49.5
-325.0000  125.0000   25.8624 0.09569896 -0.03680729 0.99472958 1714.8859 Square 49.5
-325.0000  175.0000   20.0722 0.09519588 -0.05125932 0.99413793 1717.1019 Square 49.5
-325.0000  225.0000   23.0186 0.09511431 -0.06584837 0.99328609 1720.0576 Square 49.5
-325.0000  275.0000   34.7015 0.09544873 -0.08076431 0.99215254 1723.7540 Square 49.5
-325.0000  325.0000   39.1211 0.09532436 -0.09532436 0.99087160 1728.1924 Square 49.5
-325.0000  375.0000   36.2773 0.09474983 -0.10932672 0.98947973 1733.3742 Square 49.5
-325.0000  425.0000   42.1700 0.09458917 -0.12369353 0.98780200 1739.3010 Square 49.5
-325.0000  475.0000   56.7994 0.09483174 -0.13860024 0.98579760 1745.9748 Square 49.5
-325.0000  525.0000   64.1653 0.09462875 -0.15286183 0.98370659 1753.3976 Square 49.5
-325.0000  575.0000   64.2678 0.09399392 -0.16629693 0.98158569 1761.5720 Square 49.5
-325.0000  625.0000   73.1070 0.09375894 -0.18030565 0.97913183 1770.5006 Square 49.5
-325.0000  675.0000   90.6827 0.09390876 -0.19504127 0.97628892 1780.1862 Square 49.5
-325.0000  725.0000  100.9950 0.09363322 -0.20887410 0.97344976 1790.6319 Square 49.5
-325.0000  775.0000  104.0439 0.09295019 -0.22165046 0.97068601 1801.8411 Square 49.5
-325.0000  825.0000  115.8294 0.09264756 -0.23518226 0.96752557 1813.8174 Square 49.5
-275.0000 -825.0000  111.4098 0.07848982 0.23546947 0.96870712  1809.3239 Square 49.5
-275.0000 -775.0000   99.6243 0.07874684 0.22192291 0.97187919  1797.3553 Square 49.5
-275.0000 -725.0000   96.5754 0.07932777 0.20913686 0.97466347  1786.1532 Square 49.5
-275.0000 -675.0000   86.2631 0.07956182 0.19528810 0.97751341  1775.7142 Square 49.5
-275.0000 -625.0000   68.6874 0.07943371 0.18053117 0.98035646  1766.0349 Square 49.5
-275.0000 -575.0000   59.8483 0.07963329 0.16650597 0.98281957  1757.1121 Square 49.5
-275.0000 -525.0000   59.7457 0.08017340 0.15305832 0.98495958  1748.9429 Square 49.5
-275.0000 -475.0000   52.3798 0.08034584 0.13877917 0.98705871  1741.5249 Square 49.5
-275.0000 -425.0000   37.7504 0.08013888 0.12385100 0.98905950  1734.8554 Square 49.5
-275.0000 -375.0000   31.8577 0.08027534 0.10946637 0.99074365  1728.9324 Square 49.5
-275.0000 -325.0000   34.7015 0.08076431 0.09544873 0.99215254  1723.7540 Square 49.5
-275.0000 -275.0000   30.2820 0.08086997 0.08086997 0.99343852  1719.3185 Square 49.5
-275.0000 -225.0000   18.5990 0.08058494 0.06593313 0.99456467  1715.6245 Square 49.5
-275.0000 -175.0000   15.6526 0.08065423 0.05132542 0.99541981  1712.6707 Square 49.5
-275.0000 -125.0000   21.4428 0.08108254 0.03685570 0.99602574  1710.4562 Square 49.5
-275.0000  -75.0000   19.9697 0.08111814 0.02212313 0.99645894  1708.9802 Square 49.5
-275.0000  -25.0000   11.2331 0.08075849 0.00734168 0.99670666  1708.2424 Square 49.5
-275.0000   25.0000   11.2331 0.08075849 -0.00734168 0.99670666 1708.2424 Square 49.5
-275.0000   75.0000   19.9697 0.08111814 -0.02212313 0.99645894 1708.9802 Square 49.5
-275.0000  125.0000   21.4428 0.08108254 -0.03685570 0.99602574 1710.4562 Square 49.5
-275.0000  175.0000   15.6526 0.08065423 -0.05132542 0.99541981 1712.6707 Square 49.5
-275.0000  225.0000   18.5990 0.08058494 -0.06593313 0.99456467 1715.6245 Square 49.5
-275.0000  275.0000   30.2820 0.08086997 -0.08086997 0.99343852 1719.3185 Square 49.5
-275.0000  325.0000   34.7015 0.08076431 -0.09544873 0.99215254 1723.7540 Square 49.5
-275.0000  375.0000   31.8577 0.08027534 -0.10946637 0.99074365 1728.9324 Square 49.5
-275.0000  425.0000   37.7504 0.08013888 -0.12385100 0.98905950 1734.8554 Square 49.5
-275.0000  475.0000   52.3798 0.08034584 -0.13877917 0.98705871 1741.5249 Square 49.5
-275.0000  525.0000   59.7457 0.08017340 -0.15305832 0.98495958 1748.9429 Square 49.5
-275.0000  575.0000   59.8483 0.07963329 -0.16650597 0.98281957 1757.1121 Square 49.5
-275.0000  625.0000   68.6874 0.07943371 -0.18053117 0.98035646 1766.0349 Square 49.5
-275.0000  675.0000   86.2631 0.07956182 -0.19528810 0.97751341 1775.7142 Square 49.5
-275.0000  725.0000   96.5754 0.07932777 -0.20913686 0.97466347 1786.1532 Square 49.5
-275.0000  775.0000   99.6243 0.07874684 -0.22192291 0.97187919 1797.3553 Square 49.5
-275.0000  825.0000  111.4098 0.07848982 -0.23546947 0.96870712 1809.3239 Square 49.5
-225.0000 -825.0000  115.7269 0.06455340 0.23669581 0.96943692  1805.5815 Square 49.5
-225.0000 -775.0000  103.9414 0.06476880 0.22309255 0.97264316  1793.6193 Square 49.5
-225.0000 -725.0000   84.8925 0.06469502 0.20846173 0.97588845  1782.4232 Square 49.5
-225.0000 -675.0000   74.5801 0.06488304 0.19464912 0.97872463  1771.9898 Square 49.5
-225.0000 -625.0000   73.0044 0.06534477 0.18151326 0.98121506  1762.3156 Square 49.5
-225.0000 -575.0000   64.1653 0.06551221 0.16742010 0.98370659  1753.3976 Square 49.5
-225.0000 -525.0000   48.0628 0.06537415 0.15253969 0.98613278  1745.2329 Square 49.5
-225.0000 -475.0000   40.6968 0.06551256 0.13830430 0.98822064  1737.8188 Square 49.5
-225.0000 -425.0000   42.0675 0.06593657 0.12454686 0.99002043  1731.1530 Square 49.5
-225.0000 -375.0000   36.1747 0.06605115 0.11008525 0.99172500  1725.2332 Square 49.5
-225.0000 -325.0000   23.0186 0.06584837 0.09511431 0.99328609  1720.0576 Square 49.5
-225.0000 -275.0000   18.5990 0.06593313 0.08058494 0.99456467  1715.6245 Square 49.5
-225.0000 -225.0000   22.9160 0.06631118 0.06631118 0.99559312  1711.9324 Square 49.5
-225.0000 -175.0000   19.9697 0.06636939 0.05162063 0.99645894  1708.9802 Square 49.5
-225.0000 -125.0000    9.7599 0.06610364 0.03672425 0.99713672  1706.7669 Square 49.5
-225.0000  -75.0000    8.2867 0.06613219 0.02204406 0.99756734  1705.2917 Square 49.5
-225.0000  -25.0000   15.5501 0.06645699 0.00738411 0.99776197  1704.5543 Square 49.5
-225.0000   25.0000   15.5501 0.06645699 -0.00738411 0.99776197 1704.5543 Square 49.5
-225.0000   75.0000    8.2867 0.06613219 -0.02204406 0.99756734 1705.2917 Square 49.5
-225.0000  125.0000    9.7599 0.06610364 -0.03672425 0.99713672 1706.7669 Square 49.5
-225.0000  175.0000   19.9697 0.06636939 -0.05162063 0.99645894 1708.9802 Square 49.5
-225.0000  225.0000   22.9160 0.06631118 -0.06631118 0.99559312 1711.9324 Square 49.5
-225.0000  275.0000   18.5990 0.06593313 -0.08058494 0.99456467 1715.6245 Square 49.5
-225.0000  325.0000   23.0186 0.06584837 -0.09511431 0.99328609 1720.0576 Square 49.5
-225.0000  375.0000   36.1747 0.06605115 -0.11008525 0.99172500 1725.2332 Square 49.5
-225.0000  425.0000   42.0675 0.06593657 -0.12454686 0.99002043 1731.1530 Square 49.5
-225.0000  475.0000   40.6968 0.06551256 -0.13830430 0.98822064 1737.8188 Square 49.5
-225.0000  525.0000   48.0628 0.06537415 -0.15253969 0.98613278 1745.2329 Square 49.5
-225.0000  575.0000   64.1653 0.06551221 -0.16742010 0.98370659 1753.3976 Square 49.5
-225.0000  625.0000   73.0044 0.06534477 -0.18151326 0.98121506 1762.3156 Square 49.5
-225.0000  675.0000   74.5801 0.06488304 -0.19464912 0.97872463 1771.9898 Square 49.5
-225.0000  725.0000   84.8925 0.06469502 -0.20846173 0.97588845 1782.4232 Square 49.5
-225.0000  775.0000  103.9414 0.06476880 -0.22309255 0.97264316 1793.6193 Square 49.5
-225.0000  825.0000  115.7269 0.06455340 -0.23669581 0.96943692 1805.5815 Square 49.5
-175.0000 -825.0000  112.7805 0.05024993 0.23689252 0.97023548  1802.5890 Square 49.5
-175.0000 -775.0000  100.9950 0.05041789 0.22327921 0.97344976  1790.6319 Square 49.5
-175.0000 -725.0000   81.9461 0.05036000 0.20863429 0.97669627  1779.4406 Square 49.5
-175.0000 -675.0000   71.6338 0.05050660 0.19481119 0.97953953  1769.0117 Square 49.5
-175.0000 -625.0000   70.0580 0.05086701 0.18166790 0.98204344  1759.3417 Square 49.5
-175.0000 -575.0000   61.2189 0.05099758 0.16756347 0.98454138  1750.4275 Square 49.5
-175.0000 -525.0000   45.1164 0.05088954 0.15266863 0.98696633  1742.2663 Square 49.5
-175.0000 -475.0000   37.7504 0.05099747 0.13842170 0.98905950  1734.8554 Square 49.5
-175.0000 -425.0000   39.1211 0.05132850 0.12465493 0.99087160  1728.1924 Square 49.5
-175.0000 -375.0000   33.2283 0.05141785 0.11018111 0.99258064  1722.2752 Square 49.5
-175.0000 -325.0000   20.0722 0.05125932 0.09519588 0.99413793  1717.1019 Square 49.5
-175.0000 -275.0000   15.6526 0.05132542 0.08065423 0.99541981  1712.6707 Square 49.5
-175.0000 -225.0000   19.9697 0.05162063 0.06636939 0.99645894  1708.9802 Square 49.5
-175.0000 -175.0000   17.0233 0.05166603 0.05166603 0.99732705  1706.0293 Square 49.5
-175.0000 -125.0000    6.8135 0.05145838 0.03675599 0.99799851  1703.8169 Square 49.5
-175.0000  -75.0000    5.3403 0.05148064 0.02206313 0.99843025  1702.3424 Square 49.5
-175.0000  -25.0000   12.6037 0.05173435 0.00739062 0.99863353  1701.6053 Square 49.5
-175.0000   25.0000   12.6037 0.05173435 -0.00739062 0.99863353 1701.6053 Square 49.5
-175.0000   75.0000    5.3403 0.05148064 -0.02206313 0.99843025 1702.3424 Square 49.5
-175.0000  125.0000    6.8135 0.05145838 -0.03675599 0.99799851 1703.8169 Square 49.5
-175.0000  175.0000   17.0233 0.05166603 -0.05166603 0.99732705 1706.0293 Square 49.5
-175.0000  225.0000   19.9697 0.05162063 -0.06636939 0.99645894 1708.9802 Square 49.5
-175.0000  275.0000   15.6526 0.05132542 -0.08065423 0.99541981 1712.6707 Square 49.5
-175.0000  325.0000   20.0722 0.05125932 -0.09519588 0.99413793 1717.1019 Square 49.5
-175.0000  375.0000   33.2283 0.05141785 -0.11018111 0.99258064 1722.2752 Square 49.5
-175.0000  425.0000   39.1211 0.05132850 -0.12465493 0.99087160 1728.1924 Square 49.5
-175.0000  475.0000   37.7504 0.05099747 -0.13842170 0.98905950 1734.8554 Square 49.5
-175.0000  525.0000   45.1164 0.05088954 -0.15266863 0.98696633 1742.2663 Square 49.5
-175.0000  575.0000   61.2189 0.05099758 -0.16756347 0.98454138 1750.4275 Square 49.5
-175.0000  625.0000   70.0580 0.05086701 -0.18166790 0.98204344 1759.3417 Square 49.5
-175.0000  675.0000   71.6338 0.05050660 -0.19481119 0.97953953 1769.0117 Square 49.5
-175.0000  725.0000   81.9461 0.05036000 -0.20863429 0.97669627 1779.4406 Square 49.5
-175.0000  775.0000  100.9950 0.05041789 -0.22327921 0.97344976 1790.6319 Square 49.5
-175.0000  825.0000  112.7805 0.05024993 -0.23689252 0.97023548 1802.5890 Square 49.5
-125.0000 -825.0000  102.5707 0.03576470 0.23604705 0.97108325  1800.3455 Square 49.5
-125.0000 -775.0000   90.7852 0.03588240 0.22247085 0.97427880  1788.3922 Square 49.5
-125.0000 -725.0000   87.7363 0.03614921 0.20966540 0.97710473  1777.2046 Square 49.5
-125.0000 -675.0000   77.4240 0.03625641 0.19578462 0.97997646  1766.7790 Square 49.5
-125.0000 -625.0000   59.8483 0.03619695 0.18098475 0.98281957  1757.1121 Square 49.5
-125.0000 -575.0000   51.0091 0.03628835 0.16692642 0.98530134  1748.2008 Square 49.5
-125.0000 -525.0000   50.9066 0.03653657 0.15345360 0.98748016  1740.0422 Square 49.5
-125.0000 -475.0000   43.5407 0.03661557 0.13913916 0.98959567  1732.6337 Square 49.5
-125.0000 -425.0000   28.9113 0.03651992 0.12416774 0.99158896  1725.9729 Square 49.5
-125.0000 -375.0000   23.0186 0.03658243 0.10974728 0.99328609  1720.0576 Square 49.5
-125.0000 -325.0000   25.8624 0.03680729 0.09569896 0.99472958  1714.8859 Square 49.5
-125.0000 -275.0000   21.4428 0.03685570 0.08108254 0.99602574  1710.4562 Square 49.5
-125.0000 -225.0000    9.7599 0.03672425 0.06610364 0.99713672  1706.7669 Square 49.5
-125.0000 -175.0000    6.8135 0.03675599 0.05145838 0.99799851  1703.8169 Square 49.5
-125.0000 -125.0000   12.6037 0.03695310 0.03695310 0.99863353  1701.6053 Square 49.5
-125.0000  -75.0000   11.1305 0.03696941 0.02218165 0.99907019  1700.1312 Square 49.5
-125.0000   75.0000   11.1305 0.03696941 -0.02218165 0.99907019 1700.1312 Square 49.5
-125.0000  125.0000   12.6037 0.03695310 -0.03695310 0.99863353 1701.6053 Square 49.5
-125.0000  175.0000    6.8135 0.03675599 -0.05145838 0.99799851 1703.8169 Square 49.5
-125.0000  225.0000    9.7599 0.03672425 -0.06610364 0.99713672 1706.7669 Square 49.5
-125.0000  275.0000   21.4428 0.03685570 -0.08108254 0.99602574 1710.4562 Square 49.5
-125.0000  325.0000   25.8624 0.03680729 -0.09569896 0.99472958 1714.8859 Square 49.5
-125.0000  375.0000   23.0186 0.03658243 -0.10974728 0.99328609 1720.0576 Square 49.5
-125.0000  425.0000   28.9113 0.03651992 -0.12416774 0.99158896 1725.9729 Square 49.5
-125.0000  475.0000   43.5407 0.03661557 -0.13913916 0.98959567 1732.6337 Square 49.5
-125.0000  525.0000   50.9066 0.03653657 -0.15345360 0.98748016 1740.0422 Square 49.5
-125.0000  575.0000   51.0091 0.03628835 -0.16692642 0.98530134 1748.2008 Square 49.5
-125.0000  625.0000   59.8483 0.03619695 -0.18098475 0.98281957 1757.1121 Square 49.5
-125.0000  675.0000   77.4240 0.03625641 -0.19578462 0.97997646 1766.7790 Square 49.5
-125.0000  725.0000   87.7363 0.03614921 -0.20966540 0.97710473 1777.2046 Square 49.5
-125.0000  775.0000   90.7852 0.03588240 -0.22247085 0.97427880 1788.3922 Square 49.5
-125.0000  825.0000  102.5707 0.03576470 -0.23604705 0.97108325 1800.3455 Square 49.5
 -75.0000 -825.0000  101.0975 0.02146761 0.23614373 0.97148097  1798.8502 Square 49.5
 -75.0000 -775.0000   89.3120 0.02153831 0.22256257 0.97468046  1786.8995 Square 49.5
 -75.0000 -725.0000   86.2631 0.02169868 0.20975389 0.97751341  1775.7142 Square 49.5
 -75.0000 -675.0000   75.9508 0.02176308 0.19586775 0.98038880  1765.2909 Square 49.5
 -75.0000 -625.0000   58.3751 0.02172728 0.18106068 0.98323189  1755.6261 Square 49.5
 -75.0000 -575.0000   49.5359 0.02178219 0.16699681 0.98571680  1746.7167 Square 49.5
 -75.0000 -525.0000   49.4334 0.02193140 0.15351978 0.98790217  1738.5599 Square 49.5
 -75.0000 -475.0000   42.0675 0.02197886 0.13919943 0.99002043  1731.1530 Square 49.5
 -75.0000 -425.0000   27.4381 0.02192131 0.12422077 0.99201243  1724.4936 Square 49.5
 -75.0000 -375.0000   21.5454 0.02195886 0.10979431 0.99371174  1718.5796 Square 49.5
 -75.0000 -325.0000   24.3892 0.02209404 0.09574086 0.99516106  1713.4090 Square 49.5
 -75.0000 -275.0000   19.9697 0.02212313 0.08111814 0.99645894  1708.9802 Square 49.5
 -75.0000 -225.0000    8.2867 0.02204406 0.06613219 0.99756734  1705.2917 Square 49.5
 -75.0000 -175.0000    5.3403 0.02206313 0.05148064 0.99843025  1702.3424 Square 49.5
 -75.0000 -125.0000   11.1305 0.02218165 0.03696941 0.99907019  1700.1312 Square 49.5
 -75.0000  -75.0000    9.6573 0.02219145 0.02219145 0.99950742  1698.6575 Square 49.5
 -75.0000   75.0000    9.6573 0.02219145 -0.02219145 0.99950742 1698.6575 Square 49.5
 -75.0000  125.0000   11.1305 0.02218165 -0.03696941 0.99907019 1700.1312 Square 49.5
 -75.0000  175.0000    5.3403 0.02206313 -0.05148064 0.99843025 1702.3424 Square 49.5
 -75.0000  225.0000    8.2867 0.02204406 -0.06613219 0.99756734 1705.2917 Square 49.5
 -75.0000  275.0000   19.9697 0.02212313 -0.08111814 0.99645894 1708.9802 Square 49.5
 -75.0000  325.0000   24.3892 0.02209404 -0.09574086 0.99516106 1713.4090 Square 49.5
 -75.0000  375.0000   21.5454 0.02195886 -0.10979431 0.99371174 1718.5796 Square 49.5
 -75.0000  425.0000   27.4381 0.02192131 -0.12422077 0.99201243 1724.4936 Square 49.5
 -75.0000  475.0000   42.0675 0.02197886 -0.13919943 0.99002043 1731.1530 Square 49.5
 -75.0000  525.0000   49.4334 0.02193140 -0.15351978 0.98790217 1738.5599 Square 49.5
 -75.0000  575.0000   49.5359 0.02178219 -0.16699681 0.98571680 1746.7167 Square 49.5
 -75.0000  625.0000   58.3751 0.02172728 -0.18106068 0.98323189 1755.6261 Square 49.5
 -75.0000  675.0000   75.9508 0.02176308 -0.19586775 0.98038880 1765.2909 Square 49.5
 -75.0000  725.0000   86.2631 0.02169868 -0.20975389 0.97751341 1775.7142 Square 49.5
 -75.0000  775.0000   89.3120 0.02153831 -0.22256257 0.97468046 1786.8995 Square 49.5
 -75.0000  825.0000  101.0975 0.02146761 -0.23614373 0.97148097 1798.8502 Square 49.5
 -25.0000 -825.0000  108.3609 0.00718753 0.23718851 0.97143706  1798.1027 Square 49.5
 -25.0000 -775.0000   96.5754 0.00721162 0.22356009 0.97466347  1786.1532 Square 49.5
 -25.0000 -725.0000   77.5265 0.00720324 0.20889394 0.97791177  1774.9692 Square 49.5
 -25.0000 -675.0000   67.2142 0.00722426 0.19505505 0.98076569  1764.5469 Square 49.5
 -25.0000 -625.0000   65.6385 0.00727602 0.18190060 0.98329000  1754.8832 Square 49.5
 -25.0000 -575.0000   56.7994 0.00729475 0.16777923 0.98579760  1745.9748 Square 49.5
 -25.0000 -525.0000   40.6968 0.00727917 0.15286265 0.98822064  1737.8188 Square 49.5
 -25.0000 -475.0000   33.3309 0.00729465 0.13859837 0.99032181  1730.4127 Square 49.5
 -25.0000 -425.0000   34.7015 0.00734221 0.12481757 0.99215254  1723.7540 Square 49.5
 -25.0000 -375.0000   28.8088 0.00735503 0.11032538 0.99386831  1717.8407 Square 49.5
 -25.0000 -325.0000   15.6526 0.00733220 0.09531863 0.99541981  1712.6707 Square 49.5
 -25.0000 -275.0000   11.2331 0.00734168 0.08075849 0.99670666  1708.2424 Square 49.5
 -25.0000 -225.0000   15.5501 0.00738411 0.06645699 0.99776197  1704.5543 Square 49.5
 -25.0000 -175.0000   12.6037 0.00739062 0.05173435 0.99863353  1701.6053 Square 49.5
 -25.0000 -125.0000    2.3939 0.00736075 0.03680375 0.99929540  1699.3944 Square 49.5
 -25.0000  -75.0000    0.9207 0.00736394 0.02209183 0.99972882  1697.9208 Square 49.5
 -25.0000   75.0000    0.9207 0.00736394 -0.02209183 0.99972882 1697.9208 Square 49.5
 -25.0000  125.0000    2.3939 0.00736075 -0.03680375 0.99929540 1699.3944 Square 49.5
 -25.0000  175.0000   12.6037 0.00739062 -0.05173435 0.99863353 1701.6053 Square 49.5
 -25.0000  225.0000   15.5501 0.00738411 -0.06645699 0.99776197 1704.5543 Square 49.5
 -25.0000  275.0000   11.2331 0.00734168 -0.08075849 0.99670666 1708.2424 Square 49.5
 -25.0000  325.0000   15.6526 0.00733220 -0.09531863 0.99541981 1712.6707 Square 49.5
 -25.0000  375.0000   28.8088 0.00735503 -0.11032538 0.99386831 1717.8407 Square 49.5
 -25.0000  425.0000   34.7015 0.00734221 -0.12481757 0.99215254 1723.7540 Square 49.5
 -25.0000  475.0000   33.3309 0.00729465 -0.13859837 0.99032181 1730.4127 Square 49.5
 -25.0000  525.0000   40.6968 0.00727917 -0.15286265 0.98822064 1737.8188 Square 49.5
 -25.0000  575.0000   56.7994 0.00729475 -0.16777923 0.98579760 1745.9748 Square 49.5
 -25.0000  625.0000   65.6385 0.00727602 -0.18190060 0.98329000 1754.8832 Square 49.5
 -25.0000  675.0000   67.2142 0.00722426 -0.19505505 0.98076569 1764.5469 Square 49.5
 -25.0000  725.0000   77.5265 0.00720324 -0.20889394 0.97791177 1774.9692 Square 49.5
 -25.0000  775.0000   96.5754 0.00721162 -0.22356009 0.97466347 1786.1532 Square 49.5
 -25.0000  825.0000  108.3609 0.00718753 -0.23718851 0.97143706 1798.1027 Square 49.5
  25.0000 -825.0000  108.3609 -0.00718753 0.23718851 0.97143706 1798.1027 Square 49.5
  25.0000 -775.0000   96.5754 -0.00721162 0.22356009 0.97466347 1786.1532 Square 49.5
  25.0000 -725.0000   77.5265 -0.00720324 0.20889394 0.97791177 1774.9692 Square 49.5
  25.0000 -675.0000   67.2142 -0.00722426 0.19505505 0.98076569 1764.5469 Square 49.5
  25.0000 -625.0000   65.6385 -0.00727602 0.18190060 0.98329000 1754.8832 Square 49.5
  25.0000 -575.0000   56.7994 -0.00729475 0.16777923 0.98579760 1745.9748 Square 49.5
  25.0000 -525.0000   40.6968 -0.00727917 0.15286265 0.98822064 1737.8188 Square 49.5
  25.0000 -475.0000   33.3309 -0.00729465 0.13859837 0.99032181 1730.4127 Square 49.5
  25.0000 -425.0000   34.7015 -0.00734221 0.12481757 0.99215254 1723.7540 Square 49.5
  25.0000 -375.0000   28.8088 -0.00735503 0.11032538 0.99386831 1717.8407 Square 49.5
  25.0000 -325.0000   15.6526 -0.00733220 0.09531863 0.99541981 1712.6707 Square 49.5
  25.0000 -275.0000   11.2331 -0.00734168 0.08075849 0.99670666 1708.2424 Square 49.5
  25.0000 -225.0000   15.5501 -0.00738411 0.06645699 0.99776197 1704.5543 Square 49.5
  25.0000 -175.0000   12.6037 -0.00739062 0.05173435 0.99863353 1701.6053 Square 49.5
  25.0000 -125.0000    2.3939 -0.00736075 0.03680375 0.99929540 1699.3944 Square 49.5
  25.0000  -75.0000    0.9207 -0.00736394 0.02209183 0.99972882 1697.9208 Square 49.5
  25.0000   75.0000    0.9207 -0.00736394 -0.02209183 0.99972882 1697.9208 Square 49.5
  25.0000  125.0000    2.3939 -0.00736075 -0.03680375 0.99929540 1699.3944 Square 49.5
  25.0000  175.0000   12.6037 -0.00739062 -0.05173435 0.99863353 1701.6053 Square 49.5
  25.0000  225.0000   15.5501 -0.00738411 -0.06645699 0.99776197 1704.5543 Square 49.5
  25.0000  275.0000   11.2331 -0.00734168 -0.08075849 0.99670666 1708.2424 Square 49.5
  25.0000  325.0000   15.6526 -0.00733220 -0.09531863 0.99541981 1712.6707 Square 49.5
  25.0000  375.0000   28.8088 -0.00735503 -0.11032538 0.99386831 1717.8407 Square 49.5
  25.0000  425.0000   34.7015 -0.00734221 -0.12481757 0.99215254 1723.7540 Square 49.5
  25.0000  475.0000   33.3309 -0.00729465 -0.13859837 0.99032181 1730.4127 Square 49.5
  25.0000  525.0000   40.6968 -0.00727917 -0.15286265 0.98822064 1737.8188 Square 49.5
  25.0000  575.0000   56.7994 -0.00729475 -0.16777923 0.98579760 1745.9748 Square 49.5
  25.0000  625.0000   65.6385 -0.00727602 -0.18190060 0.98329000 1754.8832 Square 49.5
  25.0000  675.0000   67.2142 -0.00722426 -0.19505505 0.98076569 1764.5469 Square 49.5
  25.0000  725.0000   77.5265 -0.00720324 -0.20889394 0.97791177 1774.9692 Square 49.5
  25.0000  775.0000   96.5754 -0.00721162 -0.22356009 0.97466347 1786.1532 Square 49.5
  25.0000  825.0000  108.3609 -0.00718753 -0.23718851 0.97143706 1798.1027 Square 49.5
  75.0000 -825.0000  101.0975 -0.02146761 0.23614373 0.97148097 1798.8502 Square 49.5
  75.0000 -775.0000   89.3120 -0.02153831 0.22256257 0.97468046 1786.8995 Square 49.5
  75.0000 -725.0000   86.2631 -0.02169868 0.20975389 0.97751341 1775.7142 Square 49.5
  75.0000 -675.0000   75.9508 -0.02176308 0.19586775 0.98038880 1765.2909 Square 49.5
  75.0000 -625.0000   58.3751 -0.02172728 0.18106068 0.98323189 1755.6261 Square 49.5
  75.0000 -575.0000   49.5359 -0.02178219 0.16699681 0.98571680 1746.7167 Square 49.5
  75.0000 -525.0000   49.4334 -0.02193140 0.15351978 0.98790217 1738.5599 Square 49.5
  75.0000 -475.0000   42.0675 -0.02197886 0.13919943 0.99002043 1731.1530 Square 49.5
  75.0000 -425.0000   27.4381 -0.02192131 0.12422077 0.99201243 1724.4936 Square 49.5
  75.0000 -375.0000   21.5454 -0.02195886 0.10979431 0.99371174 1718.5796 Square 49.5
  75.0000 -325.0000   24.3892 -0.02209404 0.09574086 0.99516106 1713.4090 Square 49.5
  75.0000 -275.0000   19.9697 -0.02212313 0.08111814 0.99645894 1708.9802 Square 49.5
  75.0000 -225.0000    8.2867 -0.02204406 0.06613219 0.99756734 1705.2917 Square 49.5
  75.0000 -175.0000    5.3403 -0.02206313 0.05148064 0.99843025 1702.3424 Square 49.5
  75.0000 -125.0000   11.1305 -0.02218165 0.03696941 0.99907019 1700.1312 Square 49.5
  75.0000  -75.0000    9.6573 -0.02219145 0.02219145 0.99950742 1698.6575 Square 49.5
  75.0000  -25.0000    0.9207 -0.02209183 0.00736394 0.99972882 1697.9208 Square 49.5
  75.0000   25.0000    0.9207 -0.02209183 -0.00736394 0.99972882 1697.9208 Square 49.5
  75.0000   75.0000    9.6573 -0.02219145 -0.02219145 0.99950742 1698.6575 Square 49.5
  75.0000  125.0000   11.1305 -0.02218165 -0.03696941 0.99907019 1700.1312 Square 49.5
  75.0000  175.0000    5.3403 -0.02206313 -0.05148064 0.99843025 1702.3424 Square 49.5
  75.0000  225.0000    8.2867 -0.02204406 -0.06613219 0.99756734 1705.2917 Square 49.5
  75.0000  275.0000   19.9697 -0.02212313 -0.08111814 0.99645894 1708.9802 Square 49.5
  75.0000  325.0000   24.3892 -0.02209404 -0.09574086 0.99516106 1713.4090 Square 49.5
  75.0000  375.0000   21.5454 -0.02195886 -0.10979431 0.99371174 1718.5796 Square 49.5
  75.0000  425.0000   27.4381 -0.02192131 -0.12422077 0.99201243 1724.4936 Square 49.5
  75.0000  475.0000   42.0675 -0.02197886 -0.13919943 0.99002043 1731.1530 Square 49.5
  75.0000  525.0000   49.4334 -0.02193140 -0.15351978 0.98790217 1738.5599 Square 49.5
  75.0000  575.0000   49.5359 -0.02178219 -0.16699681 0.98571680 1746.7167 Square 49.5
  75.0000  625.0000   58.3751 -0.02172728 -0.18106068 0.98323189 1755.6261 Square 49.5
  75.0000  675.0000   75.9508 -0.02176308 -0.19586775 0.98038880 1765.2909 Square 49.5
  75.0000  725.0000   86.2631 -0.02169868 -0.20975389 0.97751341 1775.7142 Square 49.5
  75.0000  775.0000   89.3120 -0.02153831 -0.22256257 0.97468046 1786.8995 Square 49.5
  75.0000  825.0000  101.0975 -0.02146761 -0.23614373 0.97148097 1798.8502 Square 49.5
 125.0000 -825.0000  102.5707 -0.03576470 0.23604705 0.97108325 1800.3455 Square 49.5
 125.0000 -775.0000   90.7852 -0.03588240 0.22247085 0.97427880 1788.3922 Square 49.5
 125.0000 -725.0000   87.7363 -0.03614921 0.20966540 0.97710473 1777.2046 Square 49.5
 125.0000 -675.0000   77.4240 -0.03625641 0.19578462 0.97997646 1766.7790 Square 49.5
 125.0000 -625.0000   59.8483 -0.03619695 0.18098475 0.98281957 1757.1121 Square 49.5
 125.0000 -575.0000   51.0091 -0.03628835 0.16692642 0.98530134 1748.2008 Square 49.5
 125.0000 -525.0000   50.9066 -0.03653657 0.15345360 0.98748016 1740.0422 Square 49.5
 125.0000 -475.0000   43.5407 -0.03661557 0.13913916 0.98959567 1732.6337 Square 49.5
 125.0000 -425.0000   28.9113 -0.03651992 0.12416774 0.99158896 1725.9729 Square 49.5
 125.0000 -375.0000   23.0186 -0.03658243 0.10974728 0.99328609 1720.0576 Square 49.5
 125.0000 -325.0000   25.8624 -0.03680729 0.09569896 0.99472958 1714.8859 Square 49.5
 125.0000 -275.0000   21.4428 -0.03685570 0.08108254 0.99602574 1710.4562 Square 49.5
 125.0000 -225.0000    9.7599 -0.03672425 0.06610364 0.99713672 1706.7669 Square 49.5
 125.0000 -175.0000    6.8135 -0.03675599 0.05145838 0.99799851 1703.8169 Square 49.5
 125.0000 -125.0000   12.6037 -0.03695310 0.03695310 0.99863353 1701.6053 Square 49.5
 125.0000  -75.0000   11.1305 -0.03696941 0.02218165 0.99907019 1700.1312 Square 49.5
 125.0000  -25.0000    2.3939 -0.03680375 0.00736075 0.99929540 1699.3944 Square 49.5
 125.0000   25.0000    2.3939 -0.03680375 -0.00736075 0.99929540 1699.3944 Square 49.5
 125.0000   75.0000   11.1305 -0.03696941 -0.02218165 0.99907019 1700.1312 Square 49.5
 125.0000  125.0000   12.6037 -0.03695310 -0.03695310 0.99863353 1701.6053 Square 49.5
 125.0000  175.0000    6.8135 -0.03675599 -0.05145838 0.99799851 1703.8169 Square 49.5
 125.0000  225.0000    9.7599 -0.03672425 -0.06610364 0.99713672 1706.7669 Square 49.5
 125.0000  275.0000   21.4428 -0.03685570 -0.08108254 0.99602574 1710.4562 Square 49.5
 125.0000  325.0000   25.8624 -0.03680729 -0.09569896 0.99472958 1714.8859 Square 49.5
 125.0000  375.0000   23.0186 -0.03658243 -0.10974728 0.99328609 1720.0576 Square 49.5
 125.0000  425.0000   28.9113 -0.03651992 -0.12416774 0.99158896 1725.9729 Square 49.5
 125.0000  475.0000   43.5407 -0.03661557 -0.13913916 0.98959567 1732.6337  Square 49.5
 125.0000  525.0000   50.9066 -0.03653657 -0.15345360 0.98748016 1740.0422  Square 49.5
 125.0000  575.0000   51.0091 -0.03628835 -0.16692642 0.98530134 1748.2008  Square 49.5
 125.0000  625.0000   59.8483 -0.03619695 -0.18098475 0.98281957 1757.1121  Square 49.5
 125.0000  675.0000   77.4240 -0.03625641 -0.19578462 0.97997646 1766.7790  Square 49.5
 125.0000  725.0000   87.7363 -0.03614921 -0.20966540 0.97710473 1777.2046  Square 49.5
 125.0000  775.0000   90.7852 -0.03588240 -0.22247085 0.97427880 1788.3922  Square 49.5
 125.0000  825.0000  102.5707 -0.03576470 -0.23604705 0.97108325 1800.3455  Square 49.5
 175.0000 -825.0000  112.7805 -0.05024993 0.23689252 0.97023548 1802.5890   Square 49.5
 175.0000 -775.0000  100.9950 -0.05041789 0.22327921 0.97344976 1790.6319   Square 49.5
 175.0000 -725.0000   81.9461 -0.05036000 0.20863429 0.97669627 1779.4406   Square 49.5
 175.0000 -675.0000   71.6338 -0.05050660 0.19481119 0.97953953 1769.0117   Square 49.5
 175.0000 -625.0000   70.0580 -0.05086701 0.18166790 0.98204344 1759.3417   Square 49.5
 175.0000 -575.0000   61.2189 -0.05099758 0.16756347 0.98454138 1750.4275   Square 49.5
 175.0000 -525.0000   45.1164 -0.05088954 0.15266863 0.98696633 1742.2663   Square 49.5
 175.0000 -475.0000   37.7504 -0.05099747 0.13842170 0.98905950 1734.8554   Square 49.5
 175.0000 -425.0000   39.1211 -0.05132850 0.12465493 0.99087160 1728.1924   Square 49.5
 175.0000 -375.0000   33.2283 -0.05141785 0.11018111 0.99258064 1722.2752   Square 49.5
 175.0000 -325.0000   20.0722 -0.05125932 0.09519588 0.99413793 1717.1019   Square 49.5
 175.0000 -275.0000   15.6526 -0.05132542 0.08065423 0.99541981 1712.6707   Square 49.5
 175.0000 -225.0000   19.9697 -0.05162063 0.06636939 0.99645894 1708.9802   Square 49.5
 175.0000 -175.0000   17.0233 -0.05166603 0.05166603 0.99732705 1706.0293   Square 49.5
 175.0000 -125.0000    6.8135 -0.05145838 0.03675599 0.99799851 1703.8169   Square 49.5
 175.0000  -75.0000    5.3403 -0.05148064 0.02206313 0.99843025 1702.3424   Square 49.5
 175.0000  -25.0000   12.6037 -0.05173435 0.00739062 0.99863353 1701.6053   Square 49.5
 175.0000   25.0000   12.6037 -0.05173435 -0.00739062 0.99863353 1701.6053   Square 49.5
 175.0000   75.0000    5.3403 -0.05148064 -0.02206313 0.99843025 1702.3424   Square 49.5
 175.0000  125.0000    6.8135 -0.05145838 -0.03675599 0.99799851 1703.8169   Square 49.5
 175.0000  175.0000   17.0233 -0.05166603 -0.05166603 0.99732705 1706.0293   Square 49.5
 175.0000  225.0000   19.9697 -0.05162063 -0.06636939 0.99645894 1708.9802   Square 49.5
 175.0000  275.0000   15.6526 -0.05132542 -0.08065423 0.99541981 1712.6707   Square 49.5
 175.0000  325.0000   20.0722 -0.05125932 -0.09519588 0.99413793 1717.1019   Square 49.5
 175.0000  375.0000   33.2283 -0.05141785 -0.11018111 0.99258064 1722.2752   Square 49.5
 175.0000  425.0000   39.1211 -0.05132850 -0.12465493 0.99087160 1728.1924   Square 49.5
 175.0000  475.0000   37.7504 -0.05099747 -0.13842170 0.98905950 1734.8554   Square 49.5
 175.0000  525.0000   45.1164 -0.05088954 -0.15266863 0.98696633 1742.2663   Square 49.5
 175.0000  575.0000   61.2189 -0.05099758 -0.16756347 0.98454138 1750.4275   Square 49.5
 175.0000  625.0000   70.0580 -0.05086701 -0.18166790 0.98204344 1759.3417   Square 49.5
 175.0000  675.0000   71.6338 -0.05050660 -0.19481119 0.97953953 1769.0117   Square 49.5
 175.0000  725.0000   81.9461 -0.05036000 -0.20863429 0.97669627 1779.4406   Square 49.5
 175.0000  775.0000  100.9950 -0.05041789 -0.22327921 0.97344976 1790.6319   Square 49.5
 175.0000  825.0000  112.7805 -0.05024993 -0.23689252 0.97023548 1802.5890   Square 49.5
 225.0000 -825.0000  115.7269 -0.06455340 0.23669581 0.96943692 1805.5815   Square 49.5
 225.0000 -775.0000  103.9414 -0.06476880 0.22309255 0.97264316 1793.6193   Square 49.5
 225.0000 -725.0000   84.8925 -0.06469502 0.20846173 0.97588845 1782.4232   Square 49.5
 225.0000 -675.0000   74.5801 -0.06488304 0.19464912 0.97872463 1771.9898   Square 49.5
 225.0000 -625.0000   73.0044 -0.06534477 0.18151326 0.98121506 1762.3156   Square 49.5
 225.0000 -575.0000   64.1653 -0.06551221 0.16742010 0.98370659 1753.3976   Square 49.5
 225.0000 -525.0000   48.0628 -0.06537415 0.15253969 0.98613278 1745.2329   Square 49.5
 225.0000 -475.0000   40.6968 -0.06551256 0.13830430 0.98822064 1737.8188   Square 49.5
 225.0000 -425.0000   42.0675 -0.06593657 0.12454686 0.99002043 1731.1530   Square 49.5
 225.0000 -375.0000   36.1747 -0.06605115 0.11008525 0.99172500 1725.2332   Square 49.5
 225.0000 -325.0000   23.0186 -0.06584837 0.09511431 0.99328609 1720.0576   Square 49.5
 225.0000 -275.0000   18.5990 -0.06593313 0.08058494 0.99456467 1715.6245   Square 49.5
 225.0000 -225.0000   22.9160 -0.06631118 0.06631118 0.99559312 1711.9324   Square 49.5
 225.0000 -175.0000   19.9697 -0.06636939 0.05162063 0.99645894 1708.9802   Square 49.5
 225.0000 -125.0000    9.7599 -0.06610364 0.03672425 0.99713672 1706.7669   Square 49.5
 225.0000  -75.0000    8.2867 -0.06613219 0.02204406 0.99756734 1705.2917   Square 49.5
 225.0000  -25.0000   15.5501 -0.06645699 0.00738411 0.99776197 1704.5543   Square 49.5
 225.0000   25.0000   15.5501 -0.06645699 -0.00738411 0.99776197 1704.5543   Square 49.5
 225.0000   75.0000    8.2867 -0.06613219 -0.02204406 0.99756734 1705.2917   Square 49.5
 225.0000  125.0000    9.7599 -0.06610364 -0.03672425 0.99713672 1706.7669   Square 49.5
 225.0000  175.0000   19.9697 -0.06636939 -0.05162063 0.99645894 1708.9802   Square 49.5
 225.0000  225.0000   22.9160 -0.06631118 -0.06631118 0.99559312 1711.9324   Square 49.5
 225.0000  275.0000   18.5990 -0.06593313 -0.08058494 0.99456467 1715.6245   Square 49.5
 225.0000  325.0000   23.0186 -0.06584837 -0.09511431 0.99328609 1720.0576   Square 49.5
 225.0000  375.0000   36.1747 -0.06605115 -0.11008525 0.99172500 1725.2332   Square 49.5
 225.0000  425.0000   42.0675 -0.06593657 -0.12454686 0.99002043 1731.1530   Square 49.5
 225.0000  475.0000   40.6968 -0.06551256 -0.13830430 0.98822064 1737.8188   Square 49.5
 225.0000  525.0000   48.0628 -0.06537415 -0.15253969 0.98613278 1745.2329   Square 49.5
 225.0000  575.0000   64.1653 -0.06551221 -0.16742010 0.98370659 1753.3976   Square 49.5
 225.0000  625.0000   73.0044 -0.06534477 -0.18151326 0.98121506 1762.3156   Square 49.5
 225.0000  675.0000   74.5801 -0.06488304 -0.19464912 0.97872463 1771.9898   Square 49.5
 225.0000  725.0000   84.8925 -0.06469502 -0.20846173 0.97588845 1782.4232   Square 49.5
 225.0000  775.0000  103.9414 -0.06476880 -0.22309255 0.97264316 1793.6193   Square 49.5
 225.0000  825.0000  115.7269 -0.06455340 -0.23669581 0.96943692 1805.5815   Square 49.5
 275.0000 -825.0000  111.4098 -0.07848982 0.23546947 0.96870712 1809.3239   Square 49.5
 275.0000 -775.0000   99.6243 -0.07874684 0.22192291 0.97187919 1797.3553   Square 49.5
 275.0000 -725.0000   96.5754 -0.07932777 0.20913686 0.97466347 1786.1532   Square 49.5
 275.0000 -675.0000   86.2631 -0.07956182 0.19528810 0.97751341 1775.7142   Square 49.5
 275.0000 -625.0000   68.6874 -0.07943371 0.18053117 0.98035646 1766.0349   Square 49.5
 275.0000 -575.0000   59.8483 -0.07963329 0.16650597 0.98281957 1757.1121   Square 49.5
 275.0000 -525.0000   59.7457 -0.08017340 0.15305832 0.98495958 1748.9429   Square 49.5
 275.0000 -475.0000   52.3798 -0.08034584 0.13877917 0.98705871 1741.5249   Square 49.5
 275.0000 -425.0000   37.7504 -0.08013888 0.12385100 0.98905950 1734.8554   Square 49.5
 275.0000 -375.0000   31.8577 -0.08027534 0.10946637 0.99074365 1728.9324   Square 49.5
 275.0000 -325.0000   34.7015 -0.08076431 0.09544873 0.99215254 1723.7540   Square 49.5
 275.0000 -275.0000   30.2820 -0.08086997 0.08086997 0.99343852 1719.3185   Square 49.5
 275.0000 -225.0000   18.5990 -0.08058494 0.06593313 0.99456467 1715.6245   Square 49.5
 275.0000 -175.0000   15.6526 -0.08065423 0.05132542 0.99541981 1712.6707   Square 49.5
 275.0000 -125.0000   21.4428 -0.08108254 0.03685570 0.99602574 1710.4562   Square 49.5
 275.0000  -75.0000   19.9697 -0.08111814 0.02212313 0.99645894 1708.9802   Square 49.5
 275.0000  -25.0000   11.2331 -0.08075849 0.00734168 0.99670666 1708.2424   Square 49.5
 275.0000   25.0000   11.2331 -0.08075849 -0.00734168 0.99670666 1708.2424   Square 49.5
 275.0000   75.0000   19.9697 -0.08111814 -0.02212313 0.99645894 1708.9802   Square 49.5
 275.0000  125.0000   21.4428 -0.08108254 -0.03685570 0.99602574 1710.4562   Square 49.5
 275.0000  175.0000   15.6526 -0.08065423 -0.05132542 0.99541981 1712.6707   Square 49.5
 275.0000  225.0000   18.5990 -0.08058494 -0.06593313 0.99456467 1715.6245   Square 49.5
 275.0000  275.0000   30.2820 -0.08086997 -0.08086997 0.99343852 1719.3185   Square 49.5
 275.0000  325.0000   34.7015 -0.08076431 -0.09544873 0.99215254 1723.7540   Square 49.5
 275.0000  375.0000   31.8577 -0.08027534 -0.10946637 0.99074365 1728.9324   Square 49.5
 275.0000  425.0000   37.7504 -0.08013888 -0.12385100 0.98905950 1734.8554   Square 49.5
 275.0000  475.0000   52.3798 -0.08034584 -0.13877917 0.98705871 1741.5249   Square 49.5
 275.0000  525.0000   59.7457 -0.08017340 -0.15305832 0.98495958 1748.9429   Square 49.5
 275.0000  575.0000   59.8483 -0.07963329 -0.16650597 0.98281957 1757.1121   Square 49.5
 275.0000  625.0000   68.6874 -0.07943371 -0.18053117 0.98035646 1766.0349   Square 49.5
 275.0000  675.0000   86.2631 -0.07956182 -0.19528810 0.97751341 1775.7142   Square 49.5
 275.0000  725.0000   96.5754 -0.07932777 -0.20913686 0.97466347 1786.1532   Square 49.5
 275.0000  775.0000   99.6243 -0.07874684 -0.22192291 0.97187919 1797.3553   Square 49.5
 275.0000  825.0000  111.4098 -0.07848982 -0.23546947 0.96870712 1809.3239   Square 49.5
 325.0000 -825.0000  115.8294 -0.09264756 0.23518226 0.96752557 1813.8174   Square 49.5
 325.0000 -775.0000  104.0439 -0.09295019 0.22165046 0.97068601 1801.8411   Square 49.5
 325.0000 -725.0000  100.9950 -0.09363322 0.20887410 0.97344976 1790.6319   Square 49.5
 325.0000 -675.0000   90.6827 -0.09390876 0.19504127 0.97628892 1780.1862   Square 49.5
 325.0000 -625.0000   73.1070 -0.09375894 0.18030565 0.97913183 1770.5006   Square 49.5
 325.0000 -575.0000   64.2678 -0.09399392 0.16629693 0.98158569 1761.5720   Square 49.5
 325.0000 -525.0000   64.1653 -0.09462875 0.15286183 0.98370659 1753.3976   Square 49.5
 325.0000 -475.0000   56.7994 -0.09483174 0.13860024 0.98579760 1745.9748   Square 49.5
 325.0000 -425.0000   42.1700 -0.09458917 0.12369353 0.98780200 1739.3010   Square 49.5
 325.0000 -375.0000   36.2773 -0.09474983 0.10932672 0.98947973 1733.3742   Square 49.5
 325.0000 -325.0000   39.1211 -0.09532436 0.09532436 0.99087160 1728.1924   Square 49.5
 325.0000 -275.0000   34.7015 -0.09544873 0.08076431 0.99215254 1723.7540   Square 49.5
 325.0000 -225.0000   23.0186 -0.09511431 0.06584837 0.99328609 1720.0576   Square 49.5
 325.0000 -175.0000   20.0722 -0.09519588 0.05125932 0.99413793 1717.1019   Square 49.5
 325.0000 -125.0000   25.8624 -0.09569896 0.03680729 0.99472958 1714.8859   Square 49.5
 325.0000  -75.0000   24.3892 -0.09574086 0.02209404 0.99516106 1713.4090   Square 49.5
 325.0000  -25.0000   15.6526 -0.09531863 0.00733220 0.99541981 1712.6707   Square 49.5
 325.0000   25.0000   15.6526 -0.09531863 -0.00733220 0.99541981 1712.6707   Square 49.5
 325.0000   75.0000   24.3892 -0.09574086 -0.02209404 0.99516106 1713.4090   Square 49.5
 325.0000  125.0000   25.8624 -0.09569896 -0.03680729 0.99472958 1714.8859   Square 49.5
 325.0000  175.0000   20.0722 -0.09519588 -0.05125932 0.99413793 1717.1019   Square 49.5
 325.0000  225.0000   23.0186 -0.09511431 -0.06584837 0.99328609 1720.0576   Square 49.5
 325.0000  275.0000   34.7015 -0.09544873 -0.08076431 0.99215254 1723.7540  Square 49.5
 325.0000  325.0000   39.1211 -0.09532436 -0.09532436 0.99087160 1728.1924  Square 49.5
 325.0000  375.0000   36.2773 -0.09474983 -0.10932672 0.98947973 1733.3742  Square 49.5
 325.0000  425.0000   42.1700 -0.09458917 -0.12369353 0.98780200 1739.3010  Square 49.5
 325.0000  475.0000   56.7994 -0.09483174 -0.13860024 0.98579760 1745.9748  Square 49.5
 325.0000  525.0000   64.1653 -0.09462875 -0.15286183 0.98370659 1753.3976  Square 49.5
 325.0000  575.0000   64.2678 -0.09399392 -0.16629693 0.98158569 1761.5720  Square 49.5
 325.0000  625.0000   73.1070 -0.09375894 -0.18030565 0.97913183 1770.5006  Square 49.5
 325.0000  675.0000   90.6827 -0.09390876 -0.19504127 0.97628892 1780.1862  Square 49.5
 325.0000  725.0000  100.9950 -0.09363322 -0.20887410 0.97344976 1790.6319  Square 49.5
 325.0000  775.0000  104.0439 -0.09295019 -0.22165046 0.97068601 1801.8411  Square 49.5
 325.0000  825.0000  115.8294 -0.09264756 -0.23518226 0.96752557 1813.8174  Square 49.5
 375.0000 -825.0000  120.9856 -0.10674932 0.23484851 0.96615255 1819.0634   Square 49.5
 375.0000 -775.0000  109.2001 -0.10709703 0.22133386 0.96929951 1807.0782   Square 49.5
 375.0000 -725.0000   98.1511 -0.10742611 0.20769047 0.97227789 1795.8606   Square 49.5
 375.0000 -675.0000   87.8388 -0.10773600 0.19392480 0.97508263 1785.4071   Square 49.5
 375.0000 -625.0000   86.2631 -0.10849339 0.18082232 0.97751341 1775.7142   Square 49.5
 375.0000 -575.0000   77.4240 -0.10876923 0.16677949 0.97997646 1766.7790   Square 49.5
 375.0000 -525.0000   61.3214 -0.10854535 0.15196349 0.98240776 1758.5984   Square 49.5
 375.0000 -475.0000   53.9555 -0.10877342 0.13777967 0.98447199 1751.1699   Square 49.5
 375.0000 -425.0000   55.3262 -0.10946827 0.12406403 0.98621743 1744.4911   Square 49.5
 375.0000 -375.0000   49.4334 -0.10965699 0.10965699 0.98790217 1738.5599   Square 49.5
 375.0000 -325.0000   36.2773 -0.10932672 0.09474983 0.98947973 1733.3742   Square 49.5
 375.0000 -275.0000   31.8577 -0.10946637 0.08027534 0.99074365 1728.9324   Square 49.5
 375.0000 -225.0000   36.1747 -0.11008525 0.06605115 0.99172500 1725.2332   Square 49.5
 375.0000 -175.0000   33.2283 -0.11018111 0.05141785 0.99258064 1722.2752   Square 49.5
 375.0000 -125.0000   23.0186 -0.10974728 0.03658243 0.99328609 1720.0576   Square 49.5
 375.0000  -75.0000   21.5454 -0.10979431 0.02195886 0.99371174 1718.5796   Square 49.5
 375.0000  -25.0000   28.8088 -0.11032538 0.00735503 0.99386831 1717.8407   Square 49.5
 375.0000   25.0000   28.8088 -0.11032538 -0.00735503 0.99386831 1717.8407   Square 49.5
 375.0000   75.0000   21.5454 -0.10979431 -0.02195886 0.99371174 1718.5796   Square 49.5
 375.0000  125.0000   23.0186 -0.10974728 -0.03658243 0.99328609 1720.0576   Square 49.5
 375.0000  175.0000   33.2283 -0.11018111 -0.05141785 0.99258064 1722.2752   Square 49.5
 375.0000  225.0000   36.1747 -0.11008525 -0.06605115 0.99172500 1725.2332   Square 49.5
 375.0000  275.0000   31.8577 -0.10946637 -0.08027534 0.99074365 1728.9324   Square 49.5
 375.0000  325.0000   36.2773 -0.10932672 -0.09474983 0.98947973 1733.3742   Square 49.5
 375.0000  375.0000   49.4334 -0.10965699 -0.10965699 0.98790217 1738.5599   Square 49.5
 375.0000  425.0000   55.3262 -0.10946827 -0.12406403 0.98621743 1744.4911   Square 49.5
 375.0000  475.0000   53.9555 -0.10877342 -0.13777967 0.98447199 1751.1699   Square 49.5
 375.0000  525.0000   61.3214 -0.10854535 -0.15196349 0.98240776 1758.5984   Square 49.5
 375.0000  575.0000   77.4240 -0.10876923 -0.16677949 0.97997646 1766.7790   Square 49.5
 375.0000  625.0000   86.2631 -0.10849339 -0.18082232 0.97751341 1775.7142   Square 49.5
 375.0000  675.0000   87.8388 -0.10773600 -0.19392480 0.97508263 1785.4071   Square 49.5
 375.0000  725.0000   98.1511 -0.10742611 -0.20769047 0.97227789 1795.8606   Square 49.5
 375.0000  775.0000  109.2001 -0.10709703 -0.22133386 0.96929951 1807.0782   Square 49.5
 375.0000  825.0000  120.9856 -0.10674932 -0.23484851 0.96615255 1819.0634   Square 49.5
 425.0000 -775.0000  115.0928 -0.12117912 0.22097369 0.96772220 1813.0683   Square 49.5
 425.0000 -725.0000  104.0439 -0.12155025 0.20735043 0.97068601 1801.8411   Square 49.5
 425.0000 -675.0000   93.7316 -0.12189974 0.19360546 0.97347695 1791.3786   Square 49.5
 425.0000 -625.0000   92.1559 -0.12275209 0.18051778 0.97588178 1781.6775   Square 49.5
 425.0000 -575.0000   83.3167 -0.12306312 0.16649716 0.97833234 1772.7345   Square 49.5
 425.0000 -525.0000   67.2142 -0.12281244 0.15170948 0.98076569 1764.5469   Square 49.5
 425.0000 -475.0000   59.8483 -0.12306963 0.13754841 0.98281957 1757.1121   Square 49.5
 425.0000 -425.0000   61.2189 -0.12385126 0.12385126 0.98454138 1750.4275   Square 49.5
 425.0000 -375.0000   55.3262 -0.12406403 0.10946827 0.98621743 1744.4911   Square 49.5
 425.0000 -325.0000   42.1700 -0.12369353 0.09458917 0.98780200 1739.3010   Square 49.5
 425.0000 -275.0000   37.7504 -0.12385100 0.08013888 0.98905950 1734.8554   Square 49.5
 425.0000 -225.0000   42.0675 -0.12454686 0.06593657 0.99002043 1731.1530   Square 49.5
 425.0000 -175.0000   39.1211 -0.12465493 0.05132850 0.99087160 1728.1924   Square 49.5
 425.0000 -125.0000   28.9113 -0.12416774 0.03651992 0.99158896 1725.9729   Square 49.5
 425.0000  -75.0000   27.4381 -0.12422077 0.02192131 0.99201243 1724.4936   Square 49.5
 425.0000  -25.0000   34.7015 -0.12481757 0.00734221 0.99215254 1723.7540   Square 49.5
 425.0000   25.0000   34.7015 -0.12481757 -0.00734221 0.99215254 1723.7540   Square 49.5
 425.0000   75.0000   27.4381 -0.12422077 -0.02192131 0.99201243 1724.4936   Square 49.5
 425.0000  125.0000   28.9113 -0.12416774 -0.03651992 0.99158896 1725.9729   Square 49.5
 425.0000  175.0000   39.1211 -0.12465493 -0.05132850 0.99087160 1728.1924   Square 49.5
 425.0000  225.0000   42.0675 -0.12454686 -0.06593657 0.99002043 1731.1530   Square 49.5
 425.0000  275.0000   37.7504 -0.12385100 -0.08013888 0.98905950 1734.8554   Square 49.5
 425.0000  325.0000   42.1700 -0.12369353 -0.09458917 0.98780200 1739.3010   Square 49.5
 425.0000  375.0000   55.3262 -0.12406403 -0.10946827 0.98621743 1744.4911   Square 49.5
 425.0000  425.0000   61.2189 -0.12385126 -0.12385126 0.98454138 1750.4275   Square 49.5
 425.0000  475.0000   59.8483 -0.12306963 -0.13754841 0.98281957 1757.1121   Square 49.5
 425.0000  525.0000   67.2142 -0.12281244 -0.15170948 0.98076569 1764.5469   Square 49.5
 425.0000  575.0000   83.3167 -0.12306312 -0.16649716 0.97833234 1772.7345   Square 49.5
 425.0000  625.0000   92.1559 -0.12275209 -0.18051778 0.97588178 1781.6775   Square 49.5
 425.0000  675.0000   93.7316 -0.12189974 -0.19360546 0.97347695 1791.3786   Square 49.5
 425.0000  725.0000  104.0439 -0.12155025 -0.20735043 0.97068601 1801.8411   Square 49.5
 425.0000  775.0000  115.0928 -0.12117912 -0.22097369 0.96772220 1813.0683   Square 49.5
 475.0000 -725.0000  110.6732 -0.13560095 0.20696987 0.96890446 1808.5752   Square 49.5
 475.0000 -675.0000  100.3609 -0.13598940 0.19324809 0.97168002 1798.1027   Square 49.5
 475.0000 -625.0000   90.7852 -0.13635310 0.17941198 0.97427880 1788.3922   Square 49.5
 475.0000 -575.0000   81.9461 -0.13669143 0.16546858 0.97669627 1779.4406   Square 49.5
 475.0000 -525.0000   81.8435 -0.13759933 0.15208347 0.97874258 1771.2452   Square 49.5
 475.0000 -475.0000   74.4776 -0.13789143 0.13789143 0.98080166 1763.8031   Square 49.5
 475.0000 -425.0000   59.8483 -0.13754841 0.12306963 0.98281957 1757.1121   Square 49.5
 475.0000 -375.0000   53.9555 -0.13777967 0.10877342 0.98447199 1751.1699   Square 49.5
 475.0000 -325.0000   56.7994 -0.13860024 0.09483174 0.98579760 1745.9748   Square 49.5
 475.0000 -275.0000   52.3798 -0.13877917 0.08034584 0.98705871 1741.5249   Square 49.5
 475.0000 -225.0000   40.6968 -0.13830430 0.06551256 0.98822064 1737.8188   Square 49.5
 475.0000 -175.0000   37.7504 -0.13842170 0.05099747 0.98905950 1734.8554   Square 49.5
 475.0000 -125.0000   43.5407 -0.13913916 0.03661557 0.98959567 1732.6337   Square 49.5
 475.0000  -75.0000   42.0675 -0.13919943 0.02197886 0.99002043 1731.1530   Square 49.5
 475.0000  -25.0000   33.3309 -0.13859837 0.00729465 0.99032181 1730.4127   Square 49.5
 475.0000   25.0000   33.3309 -0.13859837 -0.00729465 0.99032181 1730.4127   Square 49.5
 475.0000   75.0000   42.0675 -0.13919943 -0.02197886 0.99002043 1731.1530   Square 49.5
 475.0000  125.0000   43.5407 -0.13913916 -0.03661557 0.98959567 1732.6337   Square 49.5
 475.0000  175.0000   37.7504 -0.13842170 -0.05099747 0.98905950 1734.8554   Square 49.5
 475.0000  225.0000   40.6968 -0.13830430 -0.06551256 0.98822064 1737.8188   Square 49.5
 475.0000  275.0000   52.3798 -0.13877917 -0.08034584 0.98705871 1741.5249   Square 49.5
 475.0000  325.0000   56.7994 -0.13860024 -0.09483174 0.98579760 1745.9748   Square 49.5
 475.0000  375.0000   53.9555 -0.13777967 -0.10877342 0.98447199 1751.1699   Square 49.5
 475.0000  425.0000   59.8483 -0.13754841 -0.12306963 0.98281957 1757.1121   Square 49.5
 475.0000  475.0000   74.4776 -0.13789143 -0.13789143 0.98080166 1763.8031   Square 49.5
 475.0000  525.0000   81.8435 -0.13759933 -0.15208347 0.97874258 1771.2452   Square 49.5
 475.0000  575.0000   81.9461 -0.13669143 -0.16546858 0.97669627 1779.4406   Square 49.5
 475.0000  625.0000   90.7852 -0.13635310 -0.17941198 0.97427880 1788.3922   Square 49.5
 475.0000  675.0000  100.3609 -0.13598940 -0.19324809 0.97168002 1798.1027   Square 49.5
 475.0000  725.0000  110.6732 -0.13560095 -0.20696987 0.96890446 1808.5752   Square 49.5
 525.0000 -675.0000  107.7269 -0.14999702 0.19285332 0.96969505 1805.5815   Square 49.5
 525.0000 -625.0000   98.1511 -0.15039655 0.17904351 0.97227789 1795.8606   Square 49.5
 525.0000 -575.0000   89.3120 -0.15076819 0.16512707 0.97468046 1786.8995   Square 49.5
 525.0000 -525.0000   89.2095 -0.15176268 0.15176268 0.97669656 1778.6952   Square 49.5
 525.0000 -475.0000   81.8435 -0.15208347 0.13759933 0.97874258 1771.2452   Square 49.5
 525.0000 -425.0000   67.2142 -0.15170948 0.12281244 0.98076569 1764.5469   Square 49.5
 525.0000 -375.0000   61.3214 -0.15196349 0.10854535 0.98240776 1758.5984   Square 49.5
 525.0000 -325.0000   64.1653 -0.15286183 0.09462875 0.98370659 1753.3976   Square 49.5
 525.0000 -275.0000   59.7457 -0.15305832 0.08017340 0.98495958 1748.9429   Square 49.5
 525.0000 -225.0000   48.0628 -0.15253969 0.06537415 0.98613278 1745.2329   Square 49.5
 525.0000 -175.0000   45.1164 -0.15266863 0.05088954 0.98696633 1742.2663   Square 49.5
 525.0000 -125.0000   50.9066 -0.15345360 0.03653657 0.98748016 1740.0422   Square 49.5
 525.0000  -75.0000   49.4334 -0.15351978 0.02193140 0.98790217 1738.5599   Square 49.5
 525.0000  -25.0000   40.6968 -0.15286265 0.00727917 0.98822064 1737.8188   Square 49.5
 525.0000   25.0000   40.6968 -0.15286265 -0.00727917 0.98822064 1737.8188   Square 49.5
 525.0000   75.0000   49.4334 -0.15351978 -0.02193140 0.98790217 1738.5599   Square 49.5
 525.0000  125.0000   50.9066 -0.15345360 -0.03653657 0.98748016 1740.0422   Square 49.5
 525.0000  175.0000   45.1164 -0.15266863 -0.05088954 0.98696633 1742.2663   Square 49.5
 525.0000  225.0000   48.0628 -0.15253969 -0.06537415 0.98613278 1745.2329   Square 49.5
 525.0000  275.0000   59.7457 -0.15305832 -0.08017340 0.98495958 1748.9429   Square 49.5
 525.0000  325.0000   64.1653 -0.15286183 -0.09462875 0.98370659 1753.3976   Square 49.5
 525.0000  375.0000   61.3214 -0.15196349 -0.10854535 0.98240776 1758.5984   Square 49.5
 525.0000  425.0000   67.2142 -0.15170948 -0.12281244 0.98076569 1764.5469   Square 49.5
 525.0000  475.0000   81.8435 -0.15208347 -0.13759933 0.97874258 1771.2452   Square 49.5
 525.0000  525.0000   89.2095 -0.15176268 -0.15176268 0.97669656 1778.6952  Square 49.5
 525.0000  575.0000   89.3120 -0.15076819 -0.16512707 0.97468046 1786.8995  Square 49.5
 525.0000  625.0000   98.1511 -0.15039655 -0.17904351 0.97227789 1795.8606  Square 49.5
 525.0000  675.0000  107.7269 -0.14999702 -0.19285332 0.96969505 1805.5815  Square 49.5
 575.0000 -625.0000  106.2537 -0.16434955 0.17864081 0.97009107 1804.0851  Square 49.5
 575.0000 -575.0000   97.4146 -0.16475384 0.16475384 0.97247743 1795.1134  Square 49.5
 575.0000 -525.0000   89.3120 -0.16512707 0.15076819 0.97468046 1786.8995  Square 49.5
 575.0000 -475.0000   81.9461 -0.16546858 0.13669143 0.97669627 1779.4406  Square 49.5
 575.0000 -425.0000   83.3167 -0.16649716 0.12306312 0.97833234 1772.7345  Square 49.5
 575.0000 -375.0000   77.4240 -0.16677949 0.10876923 0.97997646 1766.7790  Square 49.5
 575.0000 -325.0000   64.2678 -0.16629693 0.09399392 0.98158569 1761.5720  Square 49.5
 575.0000 -275.0000   59.8483 -0.16650597 0.07963329 0.98281957 1757.1121  Square 49.5
 575.0000 -225.0000   64.1653 -0.16742010 0.06551221 0.98370659 1753.3976  Square 49.5
 575.0000 -175.0000   61.2189 -0.16756347 0.05099758 0.98454138 1750.4275  Square 49.5
 575.0000 -125.0000   51.0091 -0.16692642 0.03628835 0.98530134 1748.2008  Square 49.5
 575.0000  -75.0000   49.5359 -0.16699681 0.02178219 0.98571680 1746.7167  Square 49.5
 575.0000  -25.0000   56.7994 -0.16777923 0.00729475 0.98579760 1745.9748  Square 49.5
 575.0000   25.0000   56.7994 -0.16777923 -0.00729475 0.98579760 1745.9748  Square 49.5
 575.0000   75.0000   49.5359 -0.16699681 -0.02178219 0.98571680 1746.7167  Square 49.5
 575.0000  125.0000   51.0091 -0.16692642 -0.03628835 0.98530134 1748.2008  Square 49.5
 575.0000  175.0000   61.2189 -0.16756347 -0.05099758 0.98454138 1750.4275  Square 49.5
 575.0000  225.0000   64.1653 -0.16742010 -0.06551221 0.98370659 1753.3976  Square 49.5
 575.0000  275.0000   59.8483 -0.16650597 -0.07963329 0.98281957 1757.1121  Square 49.5
 575.0000  325.0000   64.2678 -0.16629693 -0.09399392 0.98158569 1761.5720  Square 49.5
 575.0000  375.0000   77.4240 -0.16677949 -0.10876923 0.97997646 1766.7790  Square 49.5
 575.0000  425.0000   83.3167 -0.16649716 -0.12306312 0.97833234 1772.7345  Square 49.5
 575.0000  475.0000   81.9461 -0.16546858 -0.13669143 0.97669627 1779.4406  Square 49.5
 575.0000  525.0000   89.3120 -0.16512707 -0.15076819 0.97468046 1786.8995  Square 49.5
 575.0000  575.0000   97.4146 -0.16475384 -0.16475384 0.97247743 1795.1134  Square 49.5
 575.0000  625.0000  106.2537 -0.16434955 -0.17864081 0.97009107 1804.0851  Square 49.5
 625.0000 -575.0000  106.2537 -0.17864081 0.16434955 0.97009107 1804.0851  Square 49.5
 625.0000 -525.0000   98.1511 -0.17904351 0.15039655 0.97227789 1795.8606  Square 49.5
 625.0000 -475.0000   90.7852 -0.17941198 0.13635310 0.97427880 1788.3922  Square 49.5
 625.0000 -425.0000   92.1559 -0.18051778 0.12275209 0.97588178 1781.6775  Square 49.5
 625.0000 -375.0000   86.2631 -0.18082232 0.10849339 0.97751341 1775.7142  Square 49.5
 625.0000 -325.0000   73.1070 -0.18030565 0.09375894 0.97913183 1770.5006  Square 49.5
 625.0000 -275.0000   68.6874 -0.18053117 0.07943371 0.98035646 1766.0349  Square 49.5
 625.0000 -225.0000   73.0044 -0.18151326 0.06534477 0.98121506 1762.3156  Square 49.5
 625.0000 -175.0000   70.0580 -0.18166790 0.05086701 0.98204344 1759.3417  Square 49.5
 625.0000 -125.0000   59.8483 -0.18098475 0.03619695 0.98281957 1757.1121  Square 49.5
 625.0000  -75.0000   58.3751 -0.18106068 0.02172728 0.98323189 1755.6261  Square 49.5
 625.0000  -25.0000   65.6385 -0.18190060 0.00727602 0.98329000 1754.8832  Square 49.5
 625.0000   25.0000   65.6385 -0.18190060 -0.00727602 0.98329000 1754.8832  Square 49.5
 625.0000   75.0000   58.3751 -0.18106068 -0.02172728 0.98323189 1755.6261  Square 49.5
 625.0000  125.0000   59.8483 -0.18098475 -0.03619695 0.98281957 1757.1121  Square 49.5
 625.0000  175.0000   70.0580 -0.18166790 -0.05086701 0.98204344 1759.3417  Square 49.5
 625.0000  225.0000   73.0044 -0.18151326 -0.06534477 0.98121506 1762.3156  Square 49.5
 625.0000  275.0000   68.6874 -0.18053117 -0.07943371 0.98035646 1766.0349  Square 49.5
 625.0000  325.0000   73.1070 -0.18030565 -0.09375894 0.97913183 1770.5006  Square 49.5
 625.0000  375.0000   86.2631 -0.18082232 -0.10849339 0.97751341 1775.7142  Square 49.5
 625.0000  425.0000   92.1559 -0.18051778 -0.12275209 0.97588178 1781.6775  Square 49.5
 625.0000  475.0000   90.7852 -0.17941198 -0.13635310 0.97427880 1788.3922  Square 49.5
 625.0000  525.0000   98.1511 -0.17904351 -0.15039655 0.97227789 1795.8606  Square 49.5
 625.0000  575.0000  106.2537 -0.17864081 -0.16434955 0.97009107 1804.0851  Square 49.5
 675.0000 -525.0000  107.7269 -0.19285332 0.14999702 0.96969505 1805.5815  Square 49.5
 675.0000 -475.0000  100.3609 -0.19324809 0.13598940 0.97168002 1798.1027  Square 49.5
 675.0000 -425.0000   93.7316 -0.19360546 0.12189974 0.97347695 1791.3786  Square 49.5
 675.0000 -375.0000   87.8388 -0.19392480 0.10773600 0.97508263 1785.4071  Square 49.5
 675.0000 -325.0000   90.6827 -0.19504127 0.09390876 0.97628892 1780.1862  Square 49.5
 675.0000 -275.0000   86.2631 -0.19528810 0.07956182 0.97751341 1775.7142  Square 49.5
 675.0000 -225.0000   74.5801 -0.19464912 0.06488304 0.97872463 1771.9898  Square 49.5
 675.0000 -175.0000   71.6338 -0.19481119 0.05050660 0.97953953 1769.0117  Square 49.5
 675.0000 -125.0000   77.4240 -0.19578462 0.03625641 0.97997646 1766.7790  Square 49.5
 675.0000  -75.0000   75.9508 -0.19586775 0.02176308 0.98038880 1765.2909  Square 49.5
 675.0000  -25.0000   67.2142 -0.19505505 0.00722426 0.98076569 1764.5469  Square 49.5
 675.0000   25.0000   67.2142 -0.19505505 -0.00722426 0.98076569 1764.5469  Square 49.5
 675.0000   75.0000   75.9508 -0.19586775 -0.02176308 0.98038880 1765.2909  Square 49.5
 675.0000  125.0000   77.4240 -0.19578462 -0.03625641 0.97997646 1766.7790  Square 49.5
 675.0000  175.0000   71.6338 -0.19481119 -0.05050660 0.97953953 1769.0117  Square 49.5
 675.0000  225.0000   74.5801 -0.19464912 -0.06488304 0.97872463 1771.9898  Square 49.5
 675.0000  275.0000   86.2631 -0.19528810 -0.07956182 0.97751341 1775.7142  Square 49.5
 675.0000  325.0000   90.6827 -0.19504127 -0.09390876 0.97628892 1780.1862  Square 49.5
 675.0000  375.0000   87.8388 -0.19392480 -0.10773600 0.97508263 1785.4071  Square 49.5
 675.0000  425.0000   93.7316 -0.19360546 -0.12189974 0.97347695 1791.3786  Square 49.5
 675.0000  475.0000  100.3609 -0.19324809 -0.13598940 0.97168002 1798.1027  Square 49.5
 675.0000  525.0000  107.7269 -0.19285332 -0.14999702 0.96969505 1805.5815  Square 49.5
 725.0000 -475.0000  110.6732 -0.20696987 0.13560095 0.96890446 1808.5752  Square 49.5
 725.0000 -425.0000  104.0439 -0.20735043 0.12155025 0.97068601 1801.8411  Square 49.5
 725.0000 -375.0000   98.1511 -0.20769047 0.10742611 0.97227789 1795.8606  Square 49.5
 725.0000 -325.0000  100.9950 -0.20887410 0.09363322 0.97344976 1790.6319  Square 49.5
 725.0000 -275.0000   96.5754 -0.20913686 0.07932777 0.97466347 1786.1532  Square 49.5
 725.0000 -225.0000   84.8925 -0.20846173 0.06469502 0.97588845 1782.4232  Square 49.5
 725.0000 -175.0000   81.9461 -0.20863429 0.05036000 0.97669627 1779.4406  Square 49.5
 725.0000 -125.0000   87.7363 -0.20966540 0.03614921 0.97710473 1777.2046  Square 49.5
 725.0000  -75.0000   86.2631 -0.20975389 0.02169868 0.97751341 1775.7142  Square 49.5
 725.0000  -25.0000   77.5265 -0.20889394 0.00720324 0.97791177 1774.9692  Square 49.5
 725.0000   25.0000   77.5265 -0.20889394 -0.00720324 0.97791177 1774.9692  Square 49.5
 725.0000   75.0000   86.2631 -0.20975389 -0.02169868 0.97751341 1775.7142  Square 49.5
 725.0000  125.0000   87.7363 -0.20966540 -0.03614921 0.97710473 1777.2046  Square 49.5
 725.0000  175.0000   81.9461 -0.20863429 -0.05036000 0.97669627 1779.4406  Square 49.5
 725.0000  225.0000   84.8925 -0.20846173 -0.06469502 0.97588845 1782.4232  Square 49.5
 725.0000  275.0000   96.5754 -0.20913686 -0.07932777 0.97466347 1786.1532  Square 49.5
 725.0000  325.0000  100.9950 -0.20887410 -0.09363322 0.97344976 1790.6319  Square 49.5
 725.0000  375.0000   98.1511 -0.20769047 -0.10742611 0.97227789 1795.8606  Square 49.5
 725.0000  425.0000  104.0439 -0.20735043 -0.12155025 0.97068601 1801.8411  Square 49.5
 725.0000  475.0000  110.6732 -0.20696987 -0.13560095 0.96890446 1808.5752  Square 49.5
 775.0000 -425.0000  115.0928 -0.22097369 0.12117912 0.96772220 1813.0683  Square 49.5
 775.0000 -375.0000  109.2001 -0.22133386 0.10709703 0.96929951 1807.0782  Square 49.5
 775.0000 -325.0000  104.0439 -0.22165046 0.09295019 0.97068601 1801.8411  Square 49.5
 775.0000 -275.0000   99.6243 -0.22192291 0.07874684 0.97187919 1797.3553  Square 49.5
 775.0000 -225.0000  103.9414 -0.22309255 0.06476880 0.97264316 1793.6193  Square 49.5
 775.0000 -175.0000  100.9950 -0.22327921 0.05041789 0.97344976 1790.6319  Square 49.5
 775.0000 -125.0000   90.7852 -0.22247085 0.03588240 0.97427880 1788.3922  Square 49.5
 775.0000  -75.0000   89.3120 -0.22256257 0.02153831 0.97468046 1786.8995  Square 49.5
 775.0000  -25.0000   96.5754 -0.22356009 0.00721162 0.97466347 1786.1532  Square 49.5
 775.0000   25.0000   96.5754 -0.22356009 -0.00721162 0.97466347 1786.1532  Square 49.5
 775.0000   75.0000   89.3120 -0.22256257 -0.02153831 0.97468046 1786.8995  Square 49.5
 775.0000  125.0000   90.7852 -0.22247085 -0.03588240 0.97427880 1788.3922  Square 49.5
 775.0000  175.0000  100.9950 -0.22327921 -0.05041789 0.97344976 1790.6319  Square 49.5
 775.0000  225.0000  103.9414 -0.22309255 -0.06476880 0.97264316 1793.6193  Square 49.5
 775.0000  275.0000   99.6243 -0.22192291 -0.07874684 0.97187919 1797.3553  Square 49.5
 775.0000  325.0000  104.0439 -0.22165046 -0.09295019 0.97068601 1801.8411  Square 49.5
 775.0000  375.0000  109.2001 -0.22133386 -0.10709703 0.96929951 1807.0782  Square 49.5
 775.0000  425.0000  115.0928 -0.22097369 -0.12117912 0.96772220 1813.0683  Square 49.5
 825.0000 -375.0000  120.9856 -0.23484851 0.10674932 0.96615255 1819.0634  Square 49.5
 825.0000 -325.0000  115.8294 -0.23518226 0.09264756 0.96752557 1813.8174  Square 49.5
 825.0000 -275.0000  111.4098 -0.23546947 0.07848982 0.96870712 1809.3239  Square 49.5
 825.0000 -225.0000  115.7269 -0.23669581 0.06455340 0.96943692 1805.5815  Square 49.5
 825.0000 -175.0000  112.7805 -0.23689252 0.05024993 0.97023548 1802.5890  Square 49.5
 825.0000 -125.0000  102.5707 -0.23604705 0.03576470 0.97108325 1800.3455  Square 49.5
 825.0000  -25.0000  108.3609 -0.23718851 0.00718753 0.97143706 1798.1027  Square 49.5
 825.0000   25.0000  108.3609 -0.23718851 -0.00718753 0.97143706 1798.1027  Square 49.5
 825.0000  125.0000  102.5707 -0.23604705 -0.03576470 0.97108325 1800.3455  Square 49.5
 825.0000  175.0000  112.7805 -0.23689252 -0.05024993 0.97023548 1802.5890  Square 49.5
 825.0000  225.0000  115.7269 -0.23669581 -0.06455340 0.96943692 1805.5815  Square 49.5
 825.0000  275.0000  111.4098 -0.23546947 -0.07848982 0.96870712 1809.3239  Square 49.5
 825.0000  325.0000  115.8294 -0.23518226 -0.09264756 0.96752557 1813.8174  Square 49.5
 825.0000  375.0000  120.9856 -0.23484851 -0.10674932 0.96615255 1819.0634  Square 49.5
