0 0.76689
1 0.767188
2 0.767655
3 0.768267
4 0.768986
5 0.769804
6 0.770669
7 0.771571
8 0.772459
9 0.7733
10 0.774058
11 0.774677
12 0.775129
13 0.775351
14 0.775305
15 0.774922
16 0.774165
17 0.772956
18 0.77125
19 0.768978
20 0.766071
21 0.762467
22 0.758089
23 0.752863
24 0.746714
25 0.739565
26 0.731332
27 0.721932
28 0.711278
29 0.699282
30 0.685851
31 0.67089
32 0.654304
33 0.635991
34 0.615851
35 0.593779
36 0.569668
37 0.543407
38 0.514884
39 0.483986
40 0.450593
41 0.414586
42 0.375842
43 0.334236
44 0.289641
45 0.241926
46 0.190959
47 0.136603
48 0.0787193
49 0.01717
50 0
51 0
52 0
53 0
54 0
55 0
56 0
57 0
58 0
59 0
60 0
61 0
62 0
63 0
64 0
65 0
66 0
67 0
68 0
69 0
70 0
71 0
72 0
73 0
74 0
75 0
76 0
77 0
78 0
79 0
80 0
81 0
82 0
83 0
84 0
85 0
86 0
87 0
88 0
89 0
90 0
