-825.0000 -375.0000 120.9856  0.23484851 0.10674932 0.96615255   1819.0634 Square 49.5
-825.0000 -325.0000 115.8294  0.23518226 0.09264756 0.96752557   1813.8174 Square 49.5
-825.0000 -275.0000 111.4098  0.23546947 0.07848982 0.96870712   1809.3239 Square 49.5
-825.0000 -225.0000 107.7269  0.23570961 0.06428444 0.96969505   1805.5815 Square 49.5
-825.0000 -175.0000 104.7805  0.23590225 0.05003987 0.97048758   1802.5890 Square 49.5
-825.0000 -125.0000 102.5707  0.23604705 0.03576470 0.97108325   1800.3455 Square 49.5
-825.0000  -25.0000 100.3609  0.23619211 0.00715734 0.97168002   1798.1027 Square 49.5
-825.0000   25.0000 100.3609  0.23619211 -0.00715734 0.97168002  1798.1027 Square 49.5
-825.0000  125.0000 102.5707  0.23604705 -0.03576470 0.97108325  1800.3455 Square 49.5
-825.0000  175.0000 104.7805  0.23590225 -0.05003987 0.97048758  1802.5890 Square 49.5
-825.0000  225.0000 107.7269  0.23570961 -0.06428444 0.96969505  1805.5815 Square 49.5
-825.0000  275.0000 111.4098  0.23546947 -0.07848982 0.96870712  1809.3239 Square 49.5
-825.0000  325.0000 115.8294  0.23518226 -0.09264756 0.96752557  1813.8174 Square 49.5
-825.0000  375.0000 120.9856  0.23484851 -0.10674932 0.96615255  1819.0634 Square 49.5
-775.0000 -425.0000 115.0928  0.22097369 0.12117912 0.96772220   1813.0683 Square 49.5
-775.0000 -375.0000 109.2001  0.22133386 0.10709703 0.96929951   1807.0782 Square 49.5
-775.0000 -325.0000 104.0439  0.22165046 0.09295019 0.97068601   1801.8411 Square 49.5
-775.0000 -275.0000  99.6243  0.22192291 0.07874684 0.97187919   1797.3553 Square 49.5
-775.0000 -225.0000  95.9414  0.22215073 0.06449537 0.97287687   1793.6193 Square 49.5
-775.0000 -175.0000  92.9950  0.22233349 0.05020434 0.97367723   1790.6319 Square 49.5
-775.0000 -125.0000  90.7852  0.22247085 0.03588240 0.97427880   1788.3922 Square 49.5
-775.0000  -75.0000  89.3120  0.22256257 0.02153831 0.97468046   1786.8995 Square 49.5
-775.0000  -25.0000  88.5754  0.22260847 0.00718092 0.97488148   1786.1532 Square 49.5
-775.0000   25.0000  88.5754  0.22260847 -0.00718092 0.97488148  1786.1532 Square 49.5
-775.0000   75.0000  89.3120  0.22256257 -0.02153831 0.97468046  1786.8995 Square 49.5
-775.0000  125.0000  90.7852  0.22247085 -0.03588240 0.97427880  1788.3922 Square 49.5
-775.0000  175.0000  92.9950  0.22233349 -0.05020434 0.97367723  1790.6319 Square 49.5
-775.0000  225.0000  95.9414  0.22215073 -0.06449537 0.97287687  1793.6193 Square 49.5
-775.0000  275.0000  99.6243  0.22192291 -0.07874684 0.97187919  1797.3553 Square 49.5
-775.0000  325.0000 104.0439  0.22165046 -0.09295019 0.97068601  1801.8411 Square 49.5
-775.0000  375.0000 109.2001  0.22133386 -0.10709703 0.96929951  1807.0782 Square 49.5
-775.0000  425.0000 115.0928  0.22097369 -0.12117912 0.96772220  1813.0683 Square 49.5
-725.0000 -475.0000 110.6732  0.20696987 0.13560095 0.96890446   1808.5752 Square 49.5
-725.0000 -425.0000 104.0439  0.20735043 0.12155025 0.97068601   1801.8411 Square 49.5
-725.0000 -375.0000  98.1511  0.20769047 0.10742611 0.97227789   1795.8606 Square 49.5
-725.0000 -325.0000  92.9950  0.20798939 0.09323662 0.97367723   1790.6319 Square 49.5
-725.0000 -275.0000  88.5754  0.20824663 0.07899010 0.97488148   1786.1532 Square 49.5
-725.0000 -225.0000  84.8925  0.20846173 0.06469502 0.97588845   1782.4232 Square 49.5
-725.0000 -175.0000  81.9461  0.20863429 0.05036000 0.97669627   1779.4406 Square 49.5
-725.0000 -125.0000  79.7363  0.20876400 0.03599379 0.97730345   1777.2046 Square 49.5
-725.0000  -75.0000  78.2631  0.20885060 0.02160523 0.97770887   1775.7142 Square 49.5
-725.0000  -25.0000  77.5265  0.20889394 0.00720324 0.97791177   1774.9692 Square 49.5
-725.0000   25.0000  77.5265  0.20889394 -0.00720324 0.97791177  1774.9692 Square 49.5
-725.0000   75.0000  78.2631  0.20885060 -0.02160523 0.97770887  1775.7142 Square 49.5
-725.0000  125.0000  79.7363  0.20876400 -0.03599379 0.97730345  1777.2046 Square 49.5
-725.0000  175.0000  81.9461  0.20863429 -0.05036000 0.97669627  1779.4406 Square 49.5
-725.0000  225.0000  84.8925  0.20846173 -0.06469502 0.97588845  1782.4232 Square 49.5
-725.0000  275.0000  88.5754  0.20824663 -0.07899010 0.97488148  1786.1532 Square 49.5
-725.0000  325.0000  92.9950  0.20798939 -0.09323662 0.97367723  1790.6319 Square 49.5
-725.0000  375.0000  98.1511  0.20769047 -0.10742611 0.97227789  1795.8606 Square 49.5
-725.0000  425.0000 104.0439  0.20735043 -0.12155025 0.97068601  1801.8411 Square 49.5
-725.0000  475.0000 110.6732  0.20696987 -0.13560095 0.96890446  1808.5752 Square 49.5
-675.0000 -525.0000 107.7269  0.19285332 0.14999702 0.96969505   1805.5815 Square 49.5
-675.0000 -475.0000 100.3609  0.19324809 0.13598940 0.97168002   1798.1027 Square 49.5
-675.0000 -425.0000  93.7316  0.19360546 0.12189974 0.97347695   1791.3786 Square 49.5
-675.0000 -375.0000  87.8388  0.19392480 0.10773600 0.97508263   1785.4071 Square 49.5
-675.0000 -325.0000  82.6827  0.19420552 0.09350636 0.97649413   1780.1862 Square 49.5
-675.0000 -275.0000  78.2631  0.19444711 0.07921919 0.97770887   1775.7142 Square 49.5
-675.0000 -225.0000  74.5801  0.19464912 0.06488304 0.97872463   1771.9898 Square 49.5
-675.0000 -175.0000  71.6338  0.19481119 0.05050660 0.97953953   1769.0117 Square 49.5
-675.0000 -125.0000  69.4240  0.19493301 0.03609870 0.98015203   1766.7790 Square 49.5
-675.0000  -75.0000  67.9508  0.19501434 0.02166826 0.98056101   1765.2909 Square 49.5
-675.0000  -25.0000  67.2142  0.19505505 0.00722426 0.98076569   1764.5469 Square 49.5
-675.0000   25.0000  67.2142  0.19505505 -0.00722426 0.98076569  1764.5469 Square 49.5
-675.0000   75.0000  67.9508  0.19501434 -0.02166826 0.98056101  1765.2909 Square 49.5
-675.0000  125.0000  69.4240  0.19493301 -0.03609870 0.98015203  1766.7790 Square 49.5
-675.0000  175.0000  71.6338  0.19481119 -0.05050660 0.97953953  1769.0117 Square 49.5
-675.0000  225.0000  74.5801  0.19464912 -0.06488304 0.97872463  1771.9898 Square 49.5
-675.0000  275.0000  78.2631  0.19444711 -0.07921919 0.97770887  1775.7142 Square 49.5
-675.0000  325.0000  82.6827  0.19420552 -0.09350636 0.97649413  1780.1862 Square 49.5
-675.0000  375.0000  87.8388  0.19392480 -0.10773600 0.97508263  1785.4071 Square 49.5
-675.0000  425.0000  93.7316  0.19360546 -0.12189974 0.97347695  1791.3786 Square 49.5
-675.0000  475.0000 100.3609  0.19324809 -0.13598940 0.97168002  1798.1027 Square 49.5
-675.0000  525.0000 107.7269  0.19285332 -0.14999702 0.96969505  1805.5815 Square 49.5
-625.0000 -575.0000 106.2537  0.17864081 0.16434955 0.97009107   1804.0851 Square 49.5
-625.0000 -525.0000  98.1511  0.17904351 0.15039655 0.97227789   1795.8606 Square 49.5
-625.0000 -475.0000  90.7852  0.17941198 0.13635310 0.97427880   1788.3922 Square 49.5
-625.0000 -425.0000  84.1559  0.17974555 0.12222697 0.97609021   1781.6775 Square 49.5
-625.0000 -375.0000  78.2631  0.18004362 0.10802617 0.97770887   1775.7142 Square 49.5
-625.0000 -325.0000  73.1070  0.18030565 0.09375894 0.97913183   1770.5006 Square 49.5
-625.0000 -275.0000  68.6874  0.18053117 0.07943371 0.98035646   1766.0349 Square 49.5
-625.0000 -225.0000  65.0044  0.18071974 0.06505911 0.98138050   1762.3156 Square 49.5
-625.0000 -175.0000  62.0580  0.18087103 0.05064389 0.98220205   1759.3417 Square 49.5
-625.0000 -125.0000  59.8483  0.18098475 0.03619695 0.98281957   1757.1121 Square 49.5
-625.0000  -75.0000  58.3751  0.18106068 0.02172728 0.98323189   1755.6261 Square 49.5
-625.0000  -25.0000  57.6385  0.18109868 0.00724395 0.98343825   1754.8832 Square 49.5
-625.0000   25.0000  57.6385  0.18109868 -0.00724395 0.98343825  1754.8832 Square 49.5
-625.0000   75.0000  58.3751  0.18106068 -0.02172728 0.98323189  1755.6261 Square 49.5
-625.0000  125.0000  59.8483  0.18098475 -0.03619695 0.98281957  1757.1121 Square 49.5
-625.0000  175.0000  62.0580  0.18087103 -0.05064389 0.98220205  1759.3417 Square 49.5
-625.0000  225.0000  65.0044  0.18071974 -0.06505911 0.98138050  1762.3156 Square 49.5
-625.0000  275.0000  68.6874  0.18053117 -0.07943371 0.98035646  1766.0349 Square 49.5
-625.0000  325.0000  73.1070  0.18030565 -0.09375894 0.97913183  1770.5006 Square 49.5
-625.0000  375.0000  78.2631  0.18004362 -0.10802617 0.97770887  1775.7142 Square 49.5
-625.0000  425.0000  84.1559  0.17974555 -0.12222697 0.97609021  1781.6775 Square 49.5
-625.0000  475.0000  90.7852  0.17941198 -0.13635310 0.97427880  1788.3922 Square 49.5
-625.0000  525.0000  98.1511  0.17904351 -0.15039655 0.97227789  1795.8606 Square 49.5
-625.0000  575.0000 106.2537  0.17864081 -0.16434955 0.97009107  1804.0851 Square 49.5
-575.0000 -625.0000 106.2537  0.16434955 0.17864081 0.97009107   1804.0851 Square 49.5
-575.0000 -575.0000  97.4146  0.16475384 0.16475384 0.97247743   1795.1134 Square 49.5
-575.0000 -525.0000  89.3120  0.16512707 0.15076819 0.97468046   1786.8995 Square 49.5
-575.0000 -475.0000  81.9461  0.16546858 0.13669143 0.97669627   1779.4406 Square 49.5
-575.0000 -425.0000  75.3167  0.16577776 0.12253139 0.97852123   1772.7345 Square 49.5
-575.0000 -375.0000  69.4240  0.16605404 0.10829611 0.98015203   1766.7790 Square 49.5
-575.0000 -325.0000  64.2678  0.16629693 0.09399392 0.98158569   1761.5720 Square 49.5
-575.0000 -275.0000  59.8483  0.16650597 0.07963329 0.98281957   1757.1121 Square 49.5
-575.0000 -225.0000  56.1653  0.16668077 0.06522291 0.98385136   1753.3976 Square 49.5
-575.0000 -175.0000  53.2189  0.16682101 0.05077161 0.98467913   1750.4275 Square 49.5
-575.0000 -125.0000  51.0091  0.16692642 0.03628835 0.98530134   1748.2008 Square 49.5
-575.0000  -75.0000  49.5359  0.16699681 0.02178219 0.98571680   1746.7167 Square 49.5
-575.0000  -25.0000  48.7994  0.16703203 0.00726226 0.98592472   1745.9748 Square 49.5
-575.0000   25.0000  48.7994  0.16703203 -0.00726226 0.98592472  1745.9748 Square 49.5
-575.0000   75.0000  49.5359  0.16699681 -0.02178219 0.98571680  1746.7167 Square 49.5
-575.0000  125.0000  51.0091  0.16692642 -0.03628835 0.98530134  1748.2008 Square 49.5
-575.0000  175.0000  53.2189  0.16682101 -0.05077161 0.98467913  1750.4275 Square 49.5
-575.0000  225.0000  56.1653  0.16668077 -0.06522291 0.98385136  1753.3976 Square 49.5
-575.0000  275.0000  59.8483  0.16650597 -0.07963329 0.98281957  1757.1121 Square 49.5
-575.0000  325.0000  64.2678  0.16629693 -0.09399392 0.98158569  1761.5720 Square 49.5
-575.0000  375.0000  69.4240  0.16605404 -0.10829611 0.98015203  1766.7790 Square 49.5
-575.0000  425.0000  75.3167  0.16577776 -0.12253139 0.97852123  1772.7345 Square 49.5
-575.0000  475.0000  81.9461  0.16546858 -0.13669143 0.97669627  1779.4406 Square 49.5
-575.0000  525.0000  89.3120  0.16512707 -0.15076819 0.97468046  1786.8995 Square 49.5
-575.0000  575.0000  97.4146  0.16475384 -0.16475384 0.97247743  1795.1134 Square 49.5
-575.0000  625.0000 106.2537  0.16434955 -0.17864081 0.97009107  1804.0851 Square 49.5
-525.0000 -675.0000 107.7269  0.14999702 0.19285332 0.96969505   1805.5815 Square 49.5
-525.0000 -625.0000  98.1511  0.15039655 0.17904351 0.97227789   1795.8606 Square 49.5
-525.0000 -575.0000  89.3120  0.15076819 0.16512707 0.97468046   1786.8995 Square 49.5
-525.0000 -525.0000  81.2095  0.15111129 0.15111129 0.97689854   1778.6952 Square 49.5
-525.0000 -475.0000  73.8435  0.15142525 0.13700379 0.97892817   1771.2452 Square 49.5
-525.0000 -425.0000  67.2142  0.15170948 0.12281244 0.98076569   1764.5469 Square 49.5
-525.0000 -375.0000  61.3214  0.15196349 0.10854535 0.98240776   1758.5984 Square 49.5
-525.0000 -325.0000  56.1653  0.15218679 0.09421087 0.98385136   1753.3976 Square 49.5
-525.0000 -275.0000  51.7457  0.15237898 0.07981756 0.98509380   1748.9429 Square 49.5
-525.0000 -225.0000  48.0628  0.15253969 0.06537415 0.98613278   1745.2329 Square 49.5
-525.0000 -175.0000  45.1164  0.15266863 0.05088954 0.98696633   1742.2663 Square 49.5
-525.0000 -125.0000  42.9066  0.15276555 0.03637275 0.98759289   1740.0422 Square 49.5
-525.0000  -75.0000  41.4334  0.15283026 0.02183289 0.98801125   1738.5599 Square 49.5
-525.0000  -25.0000  40.6968  0.15286265 0.00727917 0.98822064   1737.8188 Square 49.5
-525.0000   25.0000  40.6968  0.15286265 -0.00727917 0.98822064  1737.8188 Square 49.5
-525.0000   75.0000  41.4334  0.15283026 -0.02183289 0.98801125  1738.5599 Square 49.5
-525.0000  125.0000  42.9066  0.15276555 -0.03637275 0.98759289  1740.0422 Square 49.5
-525.0000  175.0000  45.1164  0.15266863 -0.05088954 0.98696633  1742.2663 Square 49.5
-525.0000  225.0000  48.0628  0.15253969 -0.06537415 0.98613278  1745.2329 Square 49.5
-525.0000  275.0000  51.7457  0.15237898 -0.07981756 0.98509380  1748.9429 Square 49.5
-525.0000  325.0000  56.1653  0.15218679 -0.09421087 0.98385136  1753.3976 Square 49.5
-525.0000  375.0000  61.3214  0.15196349 -0.10854535 0.98240776  1758.5984 Square 49.5
-525.0000  425.0000  67.2142  0.15170948 -0.12281244 0.98076569  1764.5469 Square 49.5
-525.0000  475.0000  73.8435  0.15142525 -0.13700379 0.97892817  1771.2452 Square 49.5
-525.0000  525.0000  81.2095  0.15111129 -0.15111129 0.97689854  1778.6952 Square 49.5
-525.0000  575.0000  89.3120  0.15076819 -0.16512707 0.97468046  1786.8995 Square 49.5
-525.0000  625.0000  98.1511  0.15039655 -0.17904351 0.97227789  1795.8606 Square 49.5
-525.0000  675.0000 107.7269  0.14999702 -0.19285332 0.96969505  1805.5815 Square 49.5
-475.0000 -725.0000 110.6732  0.13560095 0.20696987 0.96890446   1808.5752 Square 49.5
-475.0000 -675.0000 100.3609  0.13598940 0.19324809 0.97168002   1798.1027 Square 49.5
-475.0000 -625.0000  90.7852  0.13635310 0.17941198 0.97427880   1788.3922 Square 49.5
-475.0000 -575.0000  81.9461  0.13669143 0.16546858 0.97669627   1779.4406 Square 49.5
-475.0000 -525.0000  73.8435  0.13700379 0.15142525 0.97892817   1771.2452 Square 49.5
-475.0000 -475.0000  66.4776  0.13728962 0.13728962 0.98097050   1763.8031 Square 49.5
-475.0000 -425.0000  59.8483  0.13754841 0.12306963 0.98281957   1757.1121 Square 49.5
-475.0000 -375.0000  53.9555  0.13777967 0.10877342 0.98447199   1751.1699 Square 49.5
-475.0000 -325.0000  48.7994  0.13798298 0.09440941 0.98592472   1745.9748 Square 49.5
-475.0000 -275.0000  44.3798  0.13815797 0.07998619 0.98717505   1741.5249 Square 49.5
-475.0000 -225.0000  40.6968  0.13830430 0.06551256 0.98822064   1737.8188 Square 49.5
-475.0000 -175.0000  37.7504  0.13842170 0.05099747 0.98905950   1734.8554 Square 49.5
-475.0000 -125.0000  35.5407  0.13850995 0.03644999 0.98969005   1732.6337 Square 49.5
-475.0000  -75.0000  34.0675  0.13856888 0.02187930 0.99011109   1731.1530 Square 49.5
-475.0000  -25.0000  33.3309  0.13859837 0.00729465 0.99032181   1730.4127 Square 49.5
-475.0000   25.0000  33.3309  0.13859837 -0.00729465 0.99032181  1730.4127 Square 49.5
-475.0000   75.0000  34.0675  0.13856888 -0.02187930 0.99011109  1731.1530 Square 49.5
-475.0000  125.0000  35.5407  0.13850995 -0.03644999 0.98969005  1732.6337 Square 49.5
-475.0000  175.0000  37.7504  0.13842170 -0.05099747 0.98905950  1734.8554 Square 49.5
-475.0000  225.0000  40.6968  0.13830430 -0.06551256 0.98822064  1737.8188 Square 49.5
-475.0000  275.0000  44.3798  0.13815797 -0.07998619 0.98717505  1741.5249 Square 49.5
-475.0000  325.0000  48.7994  0.13798298 -0.09440941 0.98592472  1745.9748 Square 49.5
-475.0000  375.0000  53.9555  0.13777967 -0.10877342 0.98447199  1751.1699 Square 49.5
-475.0000  425.0000  59.8483  0.13754841 -0.12306963 0.98281957  1757.1121 Square 49.5
-475.0000  475.0000  66.4776  0.13728962 -0.13728962 0.98097050  1763.8031 Square 49.5
-475.0000  525.0000  73.8435  0.13700379 -0.15142525 0.97892817  1771.2452 Square 49.5
-475.0000  575.0000  81.9461  0.13669143 -0.16546858 0.97669627  1779.4406 Square 49.5
-475.0000  625.0000  90.7852  0.13635310 -0.17941198 0.97427880  1788.3922 Square 49.5
-475.0000  675.0000 100.3609  0.13598940 -0.19324809 0.97168002  1798.1027 Square 49.5
-475.0000  725.0000 110.6732  0.13560095 -0.20696987 0.96890446  1808.5752 Square 49.5
-425.0000 -775.0000 115.0928  0.12117912 0.22097369 0.96772220   1813.0683 Square 49.5
-425.0000 -725.0000 104.0439  0.12155025 0.20735043 0.97068601   1801.8411 Square 49.5
-425.0000 -675.0000  93.7316  0.12189974 0.19360546 0.97347695   1791.3786 Square 49.5
-425.0000 -625.0000  84.1559  0.12222697 0.17974555 0.97609021   1781.6775 Square 49.5
-425.0000 -575.0000  75.3167  0.12253139 0.16577776 0.97852123   1772.7345 Square 49.5
-425.0000 -525.0000  67.2142  0.12281244 0.15170948 0.98076569   1764.5469 Square 49.5
-425.0000 -475.0000  59.8483  0.12306963 0.13754841 0.98281957   1757.1121 Square 49.5
-425.0000 -425.0000  53.2189  0.12330248 0.12330248 0.98467913   1750.4275 Square 49.5
-425.0000 -375.0000  47.3262  0.12351058 0.10897992 0.98634097   1744.4911 Square 49.5
-425.0000 -325.0000  42.1700  0.12369353 0.09458917 0.98780200   1739.3010 Square 49.5
-425.0000 -275.0000  37.7504  0.12385100 0.08013888 0.98905950   1734.8554 Square 49.5
-425.0000 -225.0000  34.0675  0.12398268 0.06563789 0.99011109   1731.1530 Square 49.5
-425.0000 -175.0000  31.1211  0.12408833 0.05109519 0.99095478   1728.1924 Square 49.5
-425.0000 -125.0000  28.9113  0.12416774 0.03651992 0.99158896   1725.9729 Square 49.5
-425.0000  -75.0000  27.4381  0.12422077 0.02192131 0.99201243   1724.4936 Square 49.5
-425.0000  -25.0000  26.7015  0.12424731 0.00730867 0.99222436   1723.7540 Square 49.5
-425.0000   25.0000  26.7015  0.12424731 -0.00730867 0.99222436  1723.7540 Square 49.5
-425.0000   75.0000  27.4381  0.12422077 -0.02192131 0.99201243  1724.4936 Square 49.5
-425.0000  125.0000  28.9113  0.12416774 -0.03651992 0.99158896  1725.9729 Square 49.5
-425.0000  175.0000  31.1211  0.12408833 -0.05109519 0.99095478  1728.1924 Square 49.5
-425.0000  225.0000  34.0675  0.12398268 -0.06563789 0.99011109  1731.1530 Square 49.5
-425.0000  275.0000  37.7504  0.12385100 -0.08013888 0.98905950  1734.8554 Square 49.5
-425.0000  325.0000  42.1700  0.12369353 -0.09458917 0.98780200  1739.3010 Square 49.5
-425.0000  375.0000  47.3262  0.12351058 -0.10897992 0.98634097  1744.4911 Square 49.5
-425.0000  425.0000  53.2189  0.12330248 -0.12330248 0.98467913  1750.4275 Square 49.5
-425.0000  475.0000  59.8483  0.12306963 -0.13754841 0.98281957  1757.1121 Square 49.5
-425.0000  525.0000  67.2142  0.12281244 -0.15170948 0.98076569  1764.5469 Square 49.5
-425.0000  575.0000  75.3167  0.12253139 -0.16577776 0.97852123  1772.7345 Square 49.5
-425.0000  625.0000  84.1559  0.12222697 -0.17974555 0.97609021  1781.6775 Square 49.5
-425.0000  675.0000  93.7316  0.12189974 -0.19360546 0.97347695  1791.3786 Square 49.5
-425.0000  725.0000 104.0439  0.12155025 -0.20735043 0.97068601  1801.8411 Square 49.5
-425.0000  775.0000 115.0928  0.12117912 -0.22097369 0.96772220  1813.0683 Square 49.5
-375.0000 -825.0000 120.9856  0.10674932 0.23484851 0.96615255   1819.0634 Square 49.5
-375.0000 -775.0000 109.2001  0.10709703 0.22133386 0.96929951   1807.0782 Square 49.5
-375.0000 -725.0000  98.1511  0.10742611 0.20769047 0.97227789   1795.8606 Square 49.5
-375.0000 -675.0000  87.8388  0.10773600 0.19392480 0.97508263   1785.4071 Square 49.5
-375.0000 -625.0000  78.2631  0.10802617 0.18004362 0.97770887   1775.7142 Square 49.5
-375.0000 -575.0000  69.4240  0.10829611 0.16605404 0.98015203   1766.7790 Square 49.5
-375.0000 -525.0000  61.3214  0.10854535 0.15196349 0.98240776   1758.5984 Square 49.5
-375.0000 -475.0000  53.9555  0.10877342 0.13777967 0.98447199   1751.1699 Square 49.5
-375.0000 -425.0000  47.3262  0.10897992 0.12351058 0.98634097   1744.4911 Square 49.5
-375.0000 -375.0000  41.4334  0.10916447 0.10916447 0.98801125   1738.5599 Square 49.5
-375.0000 -325.0000  36.2773  0.10932672 0.09474983 0.98947973   1733.3742 Square 49.5
-375.0000 -275.0000  31.8577  0.10946637 0.08027534 0.99074365   1728.9324 Square 49.5
-375.0000 -225.0000  28.1747  0.10958316 0.06574989 0.99180063   1725.2332 Square 49.5
-375.0000 -175.0000  25.2283  0.10967685 0.05118253 0.99264865   1722.2752 Square 49.5
-375.0000 -125.0000  23.0186  0.10974728 0.03658243 0.99328609   1720.0576 Square 49.5
-375.0000  -75.0000  21.5454  0.10979431 0.02195886 0.99371174   1718.5796 Square 49.5
-375.0000  -25.0000  20.8088  0.10981785 0.00732119 0.99392477   1717.8407 Square 49.5
-375.0000   25.0000  20.8088  0.10981785 -0.00732119 0.99392477  1717.8407 Square 49.5
-375.0000   75.0000  21.5454  0.10979431 -0.02195886 0.99371174  1718.5796 Square 49.5
-375.0000  125.0000  23.0186  0.10974728 -0.03658243 0.99328609  1720.0576 Square 49.5
-375.0000  175.0000  25.2283  0.10967685 -0.05118253 0.99264865  1722.2752 Square 49.5
-375.0000  225.0000  28.1747  0.10958316 -0.06574989 0.99180063  1725.2332 Square 49.5
-375.0000  275.0000  31.8577  0.10946637 -0.08027534 0.99074365  1728.9324 Square 49.5
-375.0000  325.0000  36.2773  0.10932672 -0.09474983 0.98947973  1733.3742 Square 49.5
-375.0000  375.0000  41.4334  0.10916447 -0.10916447 0.98801125  1738.5599 Square 49.5
-375.0000  425.0000  47.3262  0.10897992 -0.12351058 0.98634097  1744.4911 Square 49.5
-375.0000  475.0000  53.9555  0.10877342 -0.13777967 0.98447199  1751.1699 Square 49.5
-375.0000  525.0000  61.3214  0.10854535 -0.15196349 0.98240776  1758.5984 Square 49.5
-375.0000  575.0000  69.4240  0.10829611 -0.16605404 0.98015203  1766.7790 Square 49.5
-375.0000  625.0000  78.2631  0.10802617 -0.18004362 0.97770887  1775.7142 Square 49.5
-375.0000  675.0000  87.8388  0.10773600 -0.19392480 0.97508263  1785.4071 Square 49.5
-375.0000  725.0000  98.1511  0.10742611 -0.20769047 0.97227789  1795.8606 Square 49.5
-375.0000  775.0000 109.2001  0.10709703 -0.22133386 0.96929951  1807.0782 Square 49.5
-375.0000  825.0000 120.9856  0.10674932 -0.23484851 0.96615255  1819.0634 Square 49.5
-325.0000 -825.0000 115.8294  0.09264756 0.23518226 0.96752557   1813.8174 Square 49.5
-325.0000 -775.0000 104.0439  0.09295019 0.22165046 0.97068601   1801.8411 Square 49.5
-325.0000 -725.0000  92.9950  0.09323662 0.20798939 0.97367723   1790.6319 Square 49.5
-325.0000 -675.0000  82.6827  0.09350636 0.19420552 0.97649413   1780.1862 Square 49.5
-325.0000 -625.0000  73.1070  0.09375894 0.18030565 0.97913183   1770.5006 Square 49.5
-325.0000 -575.0000  64.2678  0.09399392 0.16629693 0.98158569   1761.5720 Square 49.5
-325.0000 -525.0000  56.1653  0.09421087 0.15218679 0.98385136   1753.3976 Square 49.5
-325.0000 -475.0000  48.7994  0.09440941 0.13798298 0.98592472   1745.9748 Square 49.5
-325.0000 -425.0000  42.1700  0.09458917 0.12369353 0.98780200   1739.3010 Square 49.5
-325.0000 -375.0000  36.2773  0.09474983 0.10932672 0.98947973   1733.3742 Square 49.5
-325.0000 -325.0000  31.1211  0.09489107 0.09489107 0.99095478   1728.1924 Square 49.5
-325.0000 -275.0000  26.7015  0.09501265 0.08039532 0.99222436   1723.7540 Square 49.5
-325.0000 -225.0000  23.0186  0.09511431 0.06584837 0.99328609   1720.0576 Square 49.5
-325.0000 -175.0000  20.0722  0.09519588 0.05125932 0.99413793   1717.1019 Square 49.5
-325.0000 -125.0000  17.8624  0.09525720 0.03663738 0.99477825   1714.8859 Square 49.5
-325.0000  -75.0000  16.3892  0.09529814 0.02199188 0.99520582   1713.4090 Square 49.5
-325.0000  -25.0000  15.6526  0.09531863 0.00733220 0.99541981   1712.6707 Square 49.5
-325.0000   25.0000  15.6526  0.09531863 -0.00733220 0.99541981  1712.6707 Square 49.5
-325.0000   75.0000  16.3892  0.09529814 -0.02199188 0.99520582  1713.4090 Square 49.5
-325.0000  125.0000  17.8624  0.09525720 -0.03663738 0.99477825  1714.8859 Square 49.5
-325.0000  175.0000  20.0722  0.09519588 -0.05125932 0.99413793  1717.1019 Square 49.5
-325.0000  225.0000  23.0186  0.09511431 -0.06584837 0.99328609  1720.0576 Square 49.5
-325.0000  275.0000  26.7015  0.09501265 -0.08039532 0.99222436  1723.7540 Square 49.5
-325.0000  325.0000  31.1211  0.09489107 -0.09489107 0.99095478  1728.1924 Square 49.5
-325.0000  375.0000  36.2773  0.09474983 -0.10932672 0.98947973  1733.3742 Square 49.5
-325.0000  425.0000  42.1700  0.09458917 -0.12369353 0.98780200  1739.3010 Square 49.5
-325.0000  475.0000  48.7994  0.09440941 -0.13798298 0.98592472  1745.9748 Square 49.5
-325.0000  525.0000  56.1653  0.09421087 -0.15218679 0.98385136  1753.3976 Square 49.5
-325.0000  575.0000  64.2678  0.09399392 -0.16629693 0.98158569  1761.5720 Square 49.5
-325.0000  625.0000  73.1070  0.09375894 -0.18030565 0.97913183  1770.5006 Square 49.5
-325.0000  675.0000  82.6827  0.09350636 -0.19420552 0.97649413  1780.1862 Square 49.5
-325.0000  725.0000  92.9950  0.09323662 -0.20798939 0.97367723  1790.6319 Square 49.5
-325.0000  775.0000 104.0439  0.09295019 -0.22165046 0.97068601  1801.8411 Square 49.5
-325.0000  825.0000 115.8294  0.09264756 -0.23518226 0.96752557  1813.8174 Square 49.5
-275.0000 -825.0000 111.4098  0.07848982 0.23546947 0.96870712   1809.3239 Square 49.5
-275.0000 -775.0000  99.6243  0.07874684 0.22192291 0.97187919   1797.3553 Square 49.5
-275.0000 -725.0000  88.5754  0.07899010 0.20824663 0.97488148   1786.1532 Square 49.5
-275.0000 -675.0000  78.2631  0.07921919 0.19444711 0.97770887   1775.7142 Square 49.5
-275.0000 -625.0000  68.6874  0.07943371 0.18053117 0.98035646   1766.0349 Square 49.5
-275.0000 -575.0000  59.8483  0.07963329 0.16650597 0.98281957   1757.1121 Square 49.5
-275.0000 -525.0000  51.7457  0.07981756 0.15237898 0.98509380   1748.9429 Square 49.5
-275.0000 -475.0000  44.3798  0.07998619 0.13815797 0.98717505   1741.5249 Square 49.5
-275.0000 -425.0000  37.7504  0.08013888 0.12385100 0.98905950   1734.8554 Square 49.5
-275.0000 -375.0000  31.8577  0.08027534 0.10946637 0.99074365   1728.9324 Square 49.5
-275.0000 -325.0000  26.7015  0.08039532 0.09501265 0.99222436   1723.7540 Square 49.5
-275.0000 -275.0000  22.2820  0.08049858 0.08049858 0.99349885   1719.3185 Square 49.5
-275.0000 -225.0000  18.5990  0.08058494 0.06593313 0.99456467   1715.6245 Square 49.5
-275.0000 -175.0000  15.6526  0.08065423 0.05132542 0.99541981   1712.6707 Square 49.5
-275.0000 -125.0000  13.4428  0.08070631 0.03668469 0.99606261   1710.4562 Square 49.5
-275.0000  -75.0000  11.9697  0.08074109 0.02202030 0.99649184   1708.9802 Square 49.5
-275.0000  -25.0000  11.2331  0.08075849 0.00734168 0.99670666   1708.2424 Square 49.5
-275.0000   25.0000  11.2331  0.08075849 -0.00734168 0.99670666  1708.2424 Square 49.5
-275.0000   75.0000  11.9697  0.08074109 -0.02202030 0.99649184  1708.9802 Square 49.5
-275.0000  125.0000  13.4428  0.08070631 -0.03668469 0.99606261  1710.4562 Square 49.5
-275.0000  175.0000  15.6526  0.08065423 -0.05132542 0.99541981  1712.6707 Square 49.5
-275.0000  225.0000  18.5990  0.08058494 -0.06593313 0.99456467  1715.6245 Square 49.5
-275.0000  275.0000  22.2820  0.08049858 -0.08049858 0.99349885  1719.3185 Square 49.5
-275.0000  325.0000  26.7015  0.08039532 -0.09501265 0.99222436  1723.7540 Square 49.5
-275.0000  375.0000  31.8577  0.08027534 -0.10946637 0.99074365  1728.9324 Square 49.5
-275.0000  425.0000  37.7504  0.08013888 -0.12385100 0.98905950  1734.8554 Square 49.5
-275.0000  475.0000  44.3798  0.07998619 -0.13815797 0.98717505  1741.5249 Square 49.5
-275.0000  525.0000  51.7457  0.07981756 -0.15237898 0.98509380  1748.9429 Square 49.5
-275.0000  575.0000  59.8483  0.07963329 -0.16650597 0.98281957  1757.1121 Square 49.5
-275.0000  625.0000  68.6874  0.07943371 -0.18053117 0.98035646  1766.0349 Square 49.5
-275.0000  675.0000  78.2631  0.07921919 -0.19444711 0.97770887  1775.7142 Square 49.5
-275.0000  725.0000  88.5754  0.07899010 -0.20824663 0.97488148  1786.1532 Square 49.5
-275.0000  775.0000  99.6243  0.07874684 -0.22192291 0.97187919  1797.3553 Square 49.5
-275.0000  825.0000 111.4098  0.07848982 -0.23546947 0.96870712  1809.3239 Square 49.5
-225.0000 -825.0000 107.7269  0.06428444 0.23570961 0.96969505   1805.5815 Square 49.5
-225.0000 -775.0000  95.9414  0.06449537 0.22215073 0.97287687   1793.6193 Square 49.5
-225.0000 -725.0000  84.8925  0.06469502 0.20846173 0.97588845   1782.4232 Square 49.5
-225.0000 -675.0000  74.5801  0.06488304 0.19464912 0.97872463   1771.9898 Square 49.5
-225.0000 -625.0000  65.0044  0.06505911 0.18071974 0.98138050   1762.3156 Square 49.5
-225.0000 -575.0000  56.1653  0.06522291 0.16668077 0.98385136   1753.3976 Square 49.5
-225.0000 -525.0000  48.0628  0.06537415 0.15253969 0.98613278   1745.2329 Square 49.5
-225.0000 -475.0000  40.6968  0.06551256 0.13830430 0.98822064   1737.8188 Square 49.5
-225.0000 -425.0000  34.0675  0.06563789 0.12398268 0.99011109   1731.1530 Square 49.5
-225.0000 -375.0000  28.1747  0.06574989 0.10958316 0.99180063   1725.2332 Square 49.5
-225.0000 -325.0000  23.0186  0.06584837 0.09511431 0.99328609   1720.0576 Square 49.5
-225.0000 -275.0000  18.5990  0.06593313 0.08058494 0.99456467   1715.6245 Square 49.5
-225.0000 -225.0000  14.9160  0.06600402 0.06600402 0.99563394   1711.9324 Square 49.5
-225.0000 -175.0000  11.9697  0.06606089 0.05138069 0.99649184   1708.9802 Square 49.5
-225.0000 -125.0000   9.7599  0.06610364 0.03672425 0.99713672   1706.7669 Square 49.5
-225.0000  -75.0000   8.2867  0.06613219 0.02204406 0.99756734   1705.2917 Square 49.5
-225.0000  -25.0000   7.5501  0.06614648 0.00734961 0.99778286   1704.5543 Square 49.5
-225.0000   25.0000   7.5501  0.06614648 -0.00734961 0.99778286  1704.5543 Square 49.5
-225.0000   75.0000   8.2867  0.06613219 -0.02204406 0.99756734  1705.2917 Square 49.5
-225.0000  125.0000   9.7599  0.06610364 -0.03672425 0.99713672  1706.7669 Square 49.5
-225.0000  175.0000  11.9697  0.06606089 -0.05138069 0.99649184  1708.9802 Square 49.5
-225.0000  225.0000  14.9160  0.06600402 -0.06600402 0.99563394  1711.9324 Square 49.5
-225.0000  275.0000  18.5990  0.06593313 -0.08058494 0.99456467  1715.6245 Square 49.5
-225.0000  325.0000  23.0186  0.06584837 -0.09511431 0.99328609  1720.0576 Square 49.5
-225.0000  375.0000  28.1747  0.06574989 -0.10958316 0.99180063  1725.2332 Square 49.5
-225.0000  425.0000  34.0675  0.06563789 -0.12398268 0.99011109  1731.1530 Square 49.5
-225.0000  475.0000  40.6968  0.06551256 -0.13830430 0.98822064  1737.8188 Square 49.5
-225.0000  525.0000  48.0628  0.06537415 -0.15253969 0.98613278  1745.2329 Square 49.5
-225.0000  575.0000  56.1653  0.06522291 -0.16668077 0.98385136  1753.3976 Square 49.5
-225.0000  625.0000  65.0044  0.06505911 -0.18071974 0.98138050  1762.3156 Square 49.5
-225.0000  675.0000  74.5801  0.06488304 -0.19464912 0.97872463  1771.9898 Square 49.5
-225.0000  725.0000  84.8925  0.06469502 -0.20846173 0.97588845  1782.4232 Square 49.5
-225.0000  775.0000  95.9414  0.06449537 -0.22215073 0.97287687  1793.6193 Square 49.5
-225.0000  825.0000 107.7269  0.06428444 -0.23570961 0.96969505  1805.5815 Square 49.5
-175.0000 -825.0000 104.7805  0.05003987 0.23590225 0.97048758   1802.5890 Square 49.5
-175.0000 -775.0000  92.9950  0.05020434 0.22233349 0.97367723   1790.6319 Square 49.5
-175.0000 -725.0000  81.9461  0.05036000 0.20863429 0.97669627   1779.4406 Square 49.5
-175.0000 -675.0000  71.6338  0.05050660 0.19481119 0.97953953   1769.0117 Square 49.5
-175.0000 -625.0000  62.0580  0.05064389 0.18087103 0.98220205   1759.3417 Square 49.5
-175.0000 -575.0000  53.2189  0.05077161 0.16682101 0.98467913   1750.4275 Square 49.5
-175.0000 -525.0000  45.1164  0.05088954 0.15266863 0.98696633   1742.2663 Square 49.5
-175.0000 -475.0000  37.7504  0.05099747 0.13842170 0.98905950   1734.8554 Square 49.5
-175.0000 -425.0000  31.1211  0.05109519 0.12408833 0.99095478   1728.1924 Square 49.5
-175.0000 -375.0000  25.2283  0.05118253 0.10967685 0.99264865   1722.2752 Square 49.5
-175.0000 -325.0000  20.0722  0.05125932 0.09519588 0.99413793   1717.1019 Square 49.5
-175.0000 -275.0000  15.6526  0.05132542 0.08065423 0.99541981   1712.6707 Square 49.5
-175.0000 -225.0000  11.9697  0.05138069 0.06606089 0.99649184   1708.9802 Square 49.5
-175.0000 -175.0000   9.0233  0.05142504 0.05142504 0.99735196   1706.0293 Square 49.5
-175.0000 -125.0000   6.8135  0.05145838 0.03675599 0.99799851   1703.8169 Square 49.5
-175.0000  -75.0000   5.3403  0.05148064 0.02206313 0.99843025   1702.3424 Square 49.5
-175.0000  -25.0000   4.6037  0.05149178 0.00735597 0.99864633   1701.6053 Square 49.5
-175.0000   25.0000   4.6037  0.05149178 -0.00735597 0.99864633  1701.6053 Square 49.5
-175.0000   75.0000   5.3403  0.05148064 -0.02206313 0.99843025  1702.3424 Square 49.5
-175.0000  125.0000   6.8135  0.05145838 -0.03675599 0.99799851  1703.8169 Square 49.5
-175.0000  175.0000   9.0233  0.05142504 -0.05142504 0.99735196  1706.0293 Square 49.5
-175.0000  225.0000  11.9697  0.05138069 -0.06606089 0.99649184  1708.9802 Square 49.5
-175.0000  275.0000  15.6526  0.05132542 -0.08065423 0.99541981  1712.6707 Square 49.5
-175.0000  325.0000  20.0722  0.05125932 -0.09519588 0.99413793  1717.1019 Square 49.5
-175.0000  375.0000  25.2283  0.05118253 -0.10967685 0.99264865  1722.2752 Square 49.5
-175.0000  425.0000  31.1211  0.05109519 -0.12408833 0.99095478  1728.1924 Square 49.5
-175.0000  475.0000  37.7504  0.05099747 -0.13842170 0.98905950  1734.8554 Square 49.5
-175.0000  525.0000  45.1164  0.05088954 -0.15266863 0.98696633  1742.2663 Square 49.5
-175.0000  575.0000  53.2189  0.05077161 -0.16682101 0.98467913  1750.4275 Square 49.5
-175.0000  625.0000  62.0580  0.05064389 -0.18087103 0.98220205  1759.3417 Square 49.5
-175.0000  675.0000  71.6338  0.05050660 -0.19481119 0.97953953  1769.0117 Square 49.5
-175.0000  725.0000  81.9461  0.05036000 -0.20863429 0.97669627  1779.4406 Square 49.5
-175.0000  775.0000  92.9950  0.05020434 -0.22233349 0.97367723  1790.6319 Square 49.5
-175.0000  825.0000 104.7805  0.05003987 -0.23590225 0.97048758  1802.5890 Square 49.5
-125.0000 -825.0000 102.5707  0.03576470 0.23604705 0.97108325   1800.3455 Square 49.5
-125.0000 -775.0000  90.7852  0.03588240 0.22247085 0.97427880   1788.3922 Square 49.5
-125.0000 -725.0000  79.7363  0.03599379 0.20876400 0.97730345   1777.2046 Square 49.5
-125.0000 -675.0000  69.4240  0.03609870 0.19493301 0.98015203   1766.7790 Square 49.5
-125.0000 -625.0000  59.8483  0.03619695 0.18098475 0.98281957   1757.1121 Square 49.5
-125.0000 -575.0000  51.0091  0.03628835 0.16692642 0.98530134   1748.2008 Square 49.5
-125.0000 -525.0000  42.9066  0.03637275 0.15276555 0.98759289   1740.0422 Square 49.5
-125.0000 -475.0000  35.5407  0.03644999 0.13850995 0.98969005   1732.6337 Square 49.5
-125.0000 -425.0000  28.9113  0.03651992 0.12416774 0.99158896   1725.9729 Square 49.5
-125.0000 -375.0000  23.0186  0.03658243 0.10974728 0.99328609   1720.0576 Square 49.5
-125.0000 -325.0000  17.8624  0.03663738 0.09525720 0.99477825   1714.8859 Square 49.5
-125.0000 -275.0000  13.4428  0.03668469 0.08070631 0.99606261   1710.4562 Square 49.5
-125.0000 -225.0000   9.7599  0.03672425 0.06610364 0.99713672   1706.7669 Square 49.5
-125.0000 -175.0000   6.8135  0.03675599 0.05145838 0.99799851   1703.8169 Square 49.5
-125.0000 -125.0000   4.6037  0.03677984 0.03677984 0.99864633   1701.6053 Square 49.5
-125.0000  -75.0000   3.1305  0.03679578 0.02207747 0.99907890   1700.1312 Square 49.5
-125.0000   75.0000   3.1305  0.03679578 -0.02207747 0.99907890  1700.1312 Square 49.5
-125.0000  125.0000   4.6037  0.03677984 -0.03677984 0.99864633  1701.6053 Square 49.5
-125.0000  175.0000   6.8135  0.03675599 -0.05145838 0.99799851  1703.8169 Square 49.5
-125.0000  225.0000   9.7599  0.03672425 -0.06610364 0.99713672  1706.7669 Square 49.5
-125.0000  275.0000  13.4428  0.03668469 -0.08070631 0.99606261  1710.4562 Square 49.5
-125.0000  325.0000  17.8624  0.03663738 -0.09525720 0.99477825  1714.8859 Square 49.5
-125.0000  375.0000  23.0186  0.03658243 -0.10974728 0.99328609  1720.0576 Square 49.5
-125.0000  425.0000  28.9113  0.03651992 -0.12416774 0.99158896  1725.9729 Square 49.5
-125.0000  475.0000  35.5407  0.03644999 -0.13850995 0.98969005  1732.6337 Square 49.5
-125.0000  525.0000  42.9066  0.03637275 -0.15276555 0.98759289  1740.0422 Square 49.5
-125.0000  575.0000  51.0091  0.03628835 -0.16692642 0.98530134  1748.2008 Square 49.5
-125.0000  625.0000  59.8483  0.03619695 -0.18098475 0.98281957  1757.1121 Square 49.5
-125.0000  675.0000  69.4240  0.03609870 -0.19493301 0.98015203  1766.7790 Square 49.5
-125.0000  725.0000  79.7363  0.03599379 -0.20876400 0.97730345  1777.2046 Square 49.5
-125.0000  775.0000  90.7852  0.03588240 -0.22247085 0.97427880  1788.3922 Square 49.5
-125.0000  825.0000 102.5707  0.03576470 -0.23604705 0.97108325  1800.3455 Square 49.5
 -75.0000 -825.0000 101.0975  0.02146761 0.23614373 0.97148097   1798.8502 Square 49.5
 -75.0000 -775.0000  89.3120  0.02153831 0.22256257 0.97468046   1786.8995 Square 49.5
 -75.0000 -725.0000  78.2631  0.02160523 0.20885060 0.97770887   1775.7142 Square 49.5
 -75.0000 -675.0000  67.9508  0.02166826 0.19501434 0.98056101   1765.2909 Square 49.5
 -75.0000 -625.0000  58.3751  0.02172728 0.18106068 0.98323189   1755.6261 Square 49.5
 -75.0000 -575.0000  49.5359  0.02178219 0.16699681 0.98571680   1746.7167 Square 49.5
 -75.0000 -525.0000  41.4334  0.02183289 0.15283026 0.98801125   1738.5599 Square 49.5
 -75.0000 -475.0000  34.0675  0.02187930 0.13856888 0.99011109   1731.1530 Square 49.5
 -75.0000 -425.0000  27.4381  0.02192131 0.12422077 0.99201243   1724.4936 Square 49.5
 -75.0000 -375.0000  21.5454  0.02195886 0.10979431 0.99371174   1718.5796 Square 49.5
 -75.0000 -325.0000  16.3892  0.02199188 0.09529814 0.99520582   1713.4090 Square 49.5
 -75.0000 -275.0000  11.9697  0.02202030 0.08074109 0.99649184   1708.9802 Square 49.5
 -75.0000 -225.0000   8.2867  0.02204406 0.06613219 0.99756734   1705.2917 Square 49.5
 -75.0000 -175.0000   5.3403  0.02206313 0.05148064 0.99843025   1702.3424 Square 49.5
 -75.0000 -125.0000   3.1305  0.02207747 0.03679578 0.99907890   1700.1312 Square 49.5
 -75.0000  -75.0000   1.6573  0.02208704 0.02208704 0.99951204   1698.6575 Square 49.5
 -75.0000   75.0000   1.6573  0.02208704 -0.02208704 0.99951204  1698.6575 Square 49.5
 -75.0000  125.0000   3.1305  0.02207747 -0.03679578 0.99907890  1700.1312 Square 49.5
 -75.0000  175.0000   5.3403  0.02206313 -0.05148064 0.99843025  1702.3424 Square 49.5
 -75.0000  225.0000   8.2867  0.02204406 -0.06613219 0.99756734  1705.2917 Square 49.5
 -75.0000  275.0000  11.9697  0.02202030 -0.08074109 0.99649184  1708.9802 Square 49.5
 -75.0000  325.0000  16.3892  0.02199188 -0.09529814 0.99520582  1713.4090 Square 49.5
 -75.0000  375.0000  21.5454  0.02195886 -0.10979431 0.99371174  1718.5796 Square 49.5
 -75.0000  425.0000  27.4381  0.02192131 -0.12422077 0.99201243  1724.4936 Square 49.5
 -75.0000  475.0000  34.0675  0.02187930 -0.13856888 0.99011109  1731.1530 Square 49.5
 -75.0000  525.0000  41.4334  0.02183289 -0.15283026 0.98801125  1738.5599 Square 49.5
 -75.0000  575.0000  49.5359  0.02178219 -0.16699681 0.98571680  1746.7167 Square 49.5
 -75.0000  625.0000  58.3751  0.02172728 -0.18106068 0.98323189  1755.6261 Square 49.5
 -75.0000  675.0000  67.9508  0.02166826 -0.19501434 0.98056101  1765.2909 Square 49.5
 -75.0000  725.0000  78.2631  0.02160523 -0.20885060 0.97770887  1775.7142 Square 49.5
 -75.0000  775.0000  89.3120  0.02153831 -0.22256257 0.97468046  1786.8995 Square 49.5
 -75.0000  825.0000 101.0975  0.02146761 -0.23614373 0.97148097  1798.8502 Square 49.5
 -25.0000 -825.0000 100.3609  0.00715734 0.23619211 0.97168002   1798.1027 Square 49.5
 -25.0000 -775.0000  88.5754  0.00718092 0.22260847 0.97488148   1786.1532 Square 49.5
 -25.0000 -725.0000  77.5265  0.00720324 0.20889394 0.97791177   1774.9692 Square 49.5
 -25.0000 -675.0000  67.2142  0.00722426 0.19505505 0.98076569   1764.5469 Square 49.5
 -25.0000 -625.0000  57.6385  0.00724395 0.18109868 0.98343825   1754.8832 Square 49.5
 -25.0000 -575.0000  48.7994  0.00726226 0.16703203 0.98592472   1745.9748 Square 49.5
 -25.0000 -525.0000  40.6968  0.00727917 0.15286265 0.98822064   1737.8188 Square 49.5
 -25.0000 -475.0000  33.3309  0.00729465 0.13859837 0.99032181   1730.4127 Square 49.5
 -25.0000 -425.0000  26.7015  0.00730867 0.12424731 0.99222436   1723.7540 Square 49.5
 -25.0000 -375.0000  20.8088  0.00732119 0.10981785 0.99392477   1717.8407 Square 49.5
 -25.0000 -325.0000  15.6526  0.00733220 0.09531863 0.99541981   1712.6707 Square 49.5
 -25.0000 -275.0000  11.2331  0.00734168 0.08075849 0.99670666   1708.2424 Square 49.5
 -25.0000 -225.0000   7.5501  0.00734961 0.06614648 0.99778286   1704.5543 Square 49.5
 -25.0000 -175.0000   4.6037  0.00735597 0.05149178 0.99864633   1701.6053 Square 49.5
 -25.0000 -125.0000   2.3939  0.00736075 0.03680375 0.99929540   1699.3944 Square 49.5
 -25.0000  -75.0000   0.9207  0.00736394 0.02209183 0.99972882   1697.9208 Square 49.5
 -25.0000   75.0000   0.9207  0.00736394 -0.02209183 0.99972882  1697.9208 Square 49.5
 -25.0000  125.0000   2.3939  0.00736075 -0.03680375 0.99929540  1699.3944 Square 49.5
 -25.0000  175.0000   4.6037  0.00735597 -0.05149178 0.99864633  1701.6053 Square 49.5
 -25.0000  225.0000   7.5501  0.00734961 -0.06614648 0.99778286  1704.5543 Square 49.5
 -25.0000  275.0000  11.2331  0.00734168 -0.08075849 0.99670666  1708.2424 Square 49.5
 -25.0000  325.0000  15.6526  0.00733220 -0.09531863 0.99541981  1712.6707 Square 49.5
 -25.0000  375.0000  20.8088  0.00732119 -0.10981785 0.99392477  1717.8407 Square 49.5
 -25.0000  425.0000  26.7015  0.00730867 -0.12424731 0.99222436  1723.7540 Square 49.5
 -25.0000  475.0000  33.3309  0.00729465 -0.13859837 0.99032181  1730.4127 Square 49.5
 -25.0000  525.0000  40.6968  0.00727917 -0.15286265 0.98822064  1737.8188 Square 49.5
 -25.0000  575.0000  48.7994  0.00726226 -0.16703203 0.98592472  1745.9748 Square 49.5
 -25.0000  625.0000  57.6385  0.00724395 -0.18109868 0.98343825  1754.8832 Square 49.5
 -25.0000  675.0000  67.2142  0.00722426 -0.19505505 0.98076569  1764.5469 Square 49.5
 -25.0000  725.0000  77.5265  0.00720324 -0.20889394 0.97791177  1774.9692 Square 49.5
 -25.0000  775.0000  88.5754  0.00718092 -0.22260847 0.97488148  1786.1532 Square 49.5
 -25.0000  825.0000 100.3609  0.00715734 -0.23619211 0.97168002  1798.1027 Square 49.5
  25.0000 -825.0000 100.3609  -0.00715734 0.23619211 0.97168002  1798.1027 Square 49.5
  25.0000 -775.0000  88.5754  -0.00718092 0.22260847 0.97488148  1786.1532 Square 49.5
  25.0000 -725.0000  77.5265  -0.00720324 0.20889394 0.97791177  1774.9692 Square 49.5
  25.0000 -675.0000  67.2142  -0.00722426 0.19505505 0.98076569  1764.5469 Square 49.5
  25.0000 -625.0000  57.6385  -0.00724395 0.18109868 0.98343825  1754.8832 Square 49.5
  25.0000 -575.0000  48.7994  -0.00726226 0.16703203 0.98592472  1745.9748 Square 49.5
  25.0000 -525.0000  40.6968  -0.00727917 0.15286265 0.98822064  1737.8188 Square 49.5
  25.0000 -475.0000  33.3309  -0.00729465 0.13859837 0.99032181  1730.4127 Square 49.5
  25.0000 -425.0000  26.7015  -0.00730867 0.12424731 0.99222436  1723.7540 Square 49.5
  25.0000 -375.0000  20.8088  -0.00732119 0.10981785 0.99392477  1717.8407 Square 49.5
  25.0000 -325.0000  15.6526  -0.00733220 0.09531863 0.99541981  1712.6707 Square 49.5
  25.0000 -275.0000  11.2331  -0.00734168 0.08075849 0.99670666  1708.2424 Square 49.5
  25.0000 -225.0000   7.5501  -0.00734961 0.06614648 0.99778286  1704.5543 Square 49.5
  25.0000 -175.0000   4.6037  -0.00735597 0.05149178 0.99864633  1701.6053 Square 49.5
  25.0000 -125.0000   2.3939  -0.00736075 0.03680375 0.99929540  1699.3944 Square 49.5
  25.0000  -75.0000   0.9207  -0.00736394 0.02209183 0.99972882  1697.9208 Square 49.5
  25.0000   75.0000   0.9207  -0.00736394 -0.02209183 0.99972882 1697.9208 Square 49.5
  25.0000  125.0000   2.3939  -0.00736075 -0.03680375 0.99929540 1699.3944 Square 49.5
  25.0000  175.0000   4.6037  -0.00735597 -0.05149178 0.99864633 1701.6053 Square 49.5
  25.0000  225.0000   7.5501  -0.00734961 -0.06614648 0.99778286 1704.5543 Square 49.5
  25.0000  275.0000  11.2331  -0.00734168 -0.08075849 0.99670666 1708.2424 Square 49.5
  25.0000  325.0000  15.6526  -0.00733220 -0.09531863 0.99541981 1712.6707 Square 49.5
  25.0000  375.0000  20.8088  -0.00732119 -0.10981785 0.99392477 1717.8407 Square 49.5
  25.0000  425.0000  26.7015  -0.00730867 -0.12424731 0.99222436 1723.7540 Square 49.5
  25.0000  475.0000  33.3309  -0.00729465 -0.13859837 0.99032181 1730.4127 Square 49.5
  25.0000  525.0000  40.6968  -0.00727917 -0.15286265 0.98822064 1737.8188 Square 49.5
  25.0000  575.0000  48.7994  -0.00726226 -0.16703203 0.98592472 1745.9748 Square 49.5
  25.0000  625.0000  57.6385  -0.00724395 -0.18109868 0.98343825 1754.8832 Square 49.5
  25.0000  675.0000  67.2142  -0.00722426 -0.19505505 0.98076569 1764.5469 Square 49.5
  25.0000  725.0000  77.5265  -0.00720324 -0.20889394 0.97791177 1774.9692 Square 49.5
  25.0000  775.0000  88.5754  -0.00718092 -0.22260847 0.97488148 1786.1532 Square 49.5
  25.0000  825.0000 100.3609  -0.00715734 -0.23619211 0.97168002 1798.1027 Square 49.5
  75.0000 -825.0000 101.0975  -0.02146761 0.23614373 0.97148097  1798.8502 Square 49.5
  75.0000 -775.0000  89.3120  -0.02153831 0.22256257 0.97468046  1786.8995 Square 49.5
  75.0000 -725.0000  78.2631  -0.02160523 0.20885060 0.97770887  1775.7142 Square 49.5
  75.0000 -675.0000  67.9508  -0.02166826 0.19501434 0.98056101  1765.2909 Square 49.5
  75.0000 -625.0000  58.3751  -0.02172728 0.18106068 0.98323189  1755.6261 Square 49.5
  75.0000 -575.0000  49.5359  -0.02178219 0.16699681 0.98571680  1746.7167 Square 49.5
  75.0000 -525.0000  41.4334  -0.02183289 0.15283026 0.98801125  1738.5599 Square 49.5
  75.0000 -475.0000  34.0675  -0.02187930 0.13856888 0.99011109  1731.1530 Square 49.5
  75.0000 -425.0000  27.4381  -0.02192131 0.12422077 0.99201243  1724.4936 Square 49.5
  75.0000 -375.0000  21.5454  -0.02195886 0.10979431 0.99371174  1718.5796 Square 49.5
  75.0000 -325.0000  16.3892  -0.02199188 0.09529814 0.99520582  1713.4090 Square 49.5
  75.0000 -275.0000  11.9697  -0.02202030 0.08074109 0.99649184  1708.9802 Square 49.5
  75.0000 -225.0000   8.2867  -0.02204406 0.06613219 0.99756734  1705.2917 Square 49.5
  75.0000 -175.0000   5.3403  -0.02206313 0.05148064 0.99843025  1702.3424 Square 49.5
  75.0000 -125.0000   3.1305  -0.02207747 0.03679578 0.99907890  1700.1312 Square 49.5
  75.0000  -75.0000   1.6573  -0.02208704 0.02208704 0.99951204  1698.6575 Square 49.5
  75.0000  -25.0000   0.9207  -0.02209183 0.00736394 0.99972882  1697.9208 Square 49.5
  75.0000   25.0000   0.9207  -0.02209183 -0.00736394 0.99972882 1697.9208 Square 49.5
  75.0000   75.0000   1.6573  -0.02208704 -0.02208704 0.99951204 1698.6575 Square 49.5
  75.0000  125.0000   3.1305  -0.02207747 -0.03679578 0.99907890 1700.1312 Square 49.5
  75.0000  175.0000   5.3403  -0.02206313 -0.05148064 0.99843025 1702.3424 Square 49.5
  75.0000  225.0000   8.2867  -0.02204406 -0.06613219 0.99756734 1705.2917 Square 49.5
  75.0000  275.0000  11.9697  -0.02202030 -0.08074109 0.99649184 1708.9802 Square 49.5
  75.0000  325.0000  16.3892  -0.02199188 -0.09529814 0.99520582 1713.4090 Square 49.5
  75.0000  375.0000  21.5454  -0.02195886 -0.10979431 0.99371174 1718.5796 Square 49.5
  75.0000  425.0000  27.4381  -0.02192131 -0.12422077 0.99201243 1724.4936 Square 49.5
  75.0000  475.0000  34.0675  -0.02187930 -0.13856888 0.99011109 1731.1530 Square 49.5
  75.0000  525.0000  41.4334  -0.02183289 -0.15283026 0.98801125 1738.5599 Square 49.5
  75.0000  575.0000  49.5359  -0.02178219 -0.16699681 0.98571680 1746.7167 Square 49.5
  75.0000  625.0000  58.3751  -0.02172728 -0.18106068 0.98323189 1755.6261 Square 49.5
  75.0000  675.0000  67.9508  -0.02166826 -0.19501434 0.98056101 1765.2909 Square 49.5
  75.0000  725.0000  78.2631  -0.02160523 -0.20885060 0.97770887 1775.7142 Square 49.5
  75.0000  775.0000  89.3120  -0.02153831 -0.22256257 0.97468046 1786.8995 Square 49.5
  75.0000  825.0000 101.0975  -0.02146761 -0.23614373 0.97148097 1798.8502 Square 49.5
 125.0000 -825.0000 102.5707  -0.03576470 0.23604705 0.97108325  1800.3455 Square 49.5
 125.0000 -775.0000  90.7852  -0.03588240 0.22247085 0.97427880  1788.3922 Square 49.5
 125.0000 -725.0000  79.7363  -0.03599379 0.20876400 0.97730345  1777.2046 Square 49.5
 125.0000 -675.0000  69.4240  -0.03609870 0.19493301 0.98015203  1766.7790 Square 49.5
 125.0000 -625.0000  59.8483  -0.03619695 0.18098475 0.98281957  1757.1121 Square 49.5
 125.0000 -575.0000  51.0091  -0.03628835 0.16692642 0.98530134  1748.2008 Square 49.5
 125.0000 -525.0000  42.9066  -0.03637275 0.15276555 0.98759289  1740.0422 Square 49.5
 125.0000 -475.0000  35.5407  -0.03644999 0.13850995 0.98969005  1732.6337 Square 49.5
 125.0000 -425.0000  28.9113  -0.03651992 0.12416774 0.99158896  1725.9729 Square 49.5
 125.0000 -375.0000  23.0186  -0.03658243 0.10974728 0.99328609  1720.0576 Square 49.5
 125.0000 -325.0000  17.8624  -0.03663738 0.09525720 0.99477825  1714.8859 Square 49.5
 125.0000 -275.0000  13.4428  -0.03668469 0.08070631 0.99606261  1710.4562 Square 49.5
 125.0000 -225.0000   9.7599  -0.03672425 0.06610364 0.99713672  1706.7669 Square 49.5
 125.0000 -175.0000   6.8135  -0.03675599 0.05145838 0.99799851  1703.8169 Square 49.5
 125.0000 -125.0000   4.6037  -0.03677984 0.03677984 0.99864633  1701.6053 Square 49.5
 125.0000  -75.0000   3.1305  -0.03679578 0.02207747 0.99907890  1700.1312 Square 49.5
 125.0000  -25.0000   2.3939  -0.03680375 0.00736075 0.99929540  1699.3944 Square 49.5
 125.0000   25.0000   2.3939  -0.03680375 -0.00736075 0.99929540 1699.3944 Square 49.5
 125.0000   75.0000   3.1305  -0.03679578 -0.02207747 0.99907890 1700.1312 Square 49.5
 125.0000  125.0000   4.6037  -0.03677984 -0.03677984 0.99864633 1701.6053 Square 49.5
 125.0000  175.0000   6.8135  -0.03675599 -0.05145838 0.99799851 1703.8169 Square 49.5
 125.0000  225.0000   9.7599  -0.03672425 -0.06610364 0.99713672 1706.7669 Square 49.5
 125.0000  275.0000  13.4428  -0.03668469 -0.08070631 0.99606261 1710.4562 Square 49.5
 125.0000  325.0000  17.8624  -0.03663738 -0.09525720 0.99477825 1714.8859 Square 49.5
 125.0000  375.0000  23.0186  -0.03658243 -0.10974728 0.99328609 1720.0576 Square 49.5
 125.0000  425.0000  28.9113  -0.03651992 -0.12416774 0.99158896 1725.9729 Square 49.5
 125.0000  475.0000  35.5407  -0.03644999 -0.13850995 0.98969005 1732.6337 Square 49.5
 125.0000  525.0000  42.9066  -0.03637275 -0.15276555 0.98759289 1740.0422 Square 49.5
 125.0000  575.0000  51.0091  -0.03628835 -0.16692642 0.98530134 1748.2008 Square 49.5
 125.0000  625.0000  59.8483  -0.03619695 -0.18098475 0.98281957 1757.1121 Square 49.5
 125.0000  675.0000  69.4240  -0.03609870 -0.19493301 0.98015203 1766.7790 Square 49.5
 125.0000  725.0000  79.7363  -0.03599379 -0.20876400 0.97730345 1777.2046 Square 49.5
 125.0000  775.0000  90.7852  -0.03588240 -0.22247085 0.97427880 1788.3922 Square 49.5
 125.0000  825.0000 102.5707  -0.03576470 -0.23604705 0.97108325 1800.3455 Square 49.5
 175.0000 -825.0000 104.7805  -0.05003987 0.23590225 0.97048758  1802.5890 Square 49.5
 175.0000 -775.0000  92.9950  -0.05020434 0.22233349 0.97367723  1790.6319 Square 49.5
 175.0000 -725.0000  81.9461  -0.05036000 0.20863429 0.97669627  1779.4406 Square 49.5
 175.0000 -675.0000  71.6338  -0.05050660 0.19481119 0.97953953  1769.0117 Square 49.5
 175.0000 -625.0000  62.0580  -0.05064389 0.18087103 0.98220205  1759.3417 Square 49.5
 175.0000 -575.0000  53.2189  -0.05077161 0.16682101 0.98467913  1750.4275 Square 49.5
 175.0000 -525.0000  45.1164  -0.05088954 0.15266863 0.98696633  1742.2663 Square 49.5
 175.0000 -475.0000  37.7504  -0.05099747 0.13842170 0.98905950  1734.8554 Square 49.5
 175.0000 -425.0000  31.1211  -0.05109519 0.12408833 0.99095478  1728.1924 Square 49.5
 175.0000 -375.0000  25.2283  -0.05118253 0.10967685 0.99264865  1722.2752 Square 49.5
 175.0000 -325.0000  20.0722  -0.05125932 0.09519588 0.99413793  1717.1019 Square 49.5
 175.0000 -275.0000  15.6526  -0.05132542 0.08065423 0.99541981  1712.6707 Square 49.5
 175.0000 -225.0000  11.9697  -0.05138069 0.06606089 0.99649184  1708.9802 Square 49.5
 175.0000 -175.0000   9.0233  -0.05142504 0.05142504 0.99735196  1706.0293 Square 49.5
 175.0000 -125.0000   6.8135  -0.05145838 0.03675599 0.99799851  1703.8169 Square 49.5
 175.0000  -75.0000   5.3403  -0.05148064 0.02206313 0.99843025  1702.3424 Square 49.5
 175.0000  -25.0000   4.6037  -0.05149178 0.00735597 0.99864633  1701.6053 Square 49.5
 175.0000   25.0000   4.6037  -0.05149178 -0.00735597 0.99864633 1701.6053 Square 49.5
 175.0000   75.0000   5.3403  -0.05148064 -0.02206313 0.99843025 1702.3424 Square 49.5
 175.0000  125.0000   6.8135  -0.05145838 -0.03675599 0.99799851 1703.8169 Square 49.5
 175.0000  175.0000   9.0233  -0.05142504 -0.05142504 0.99735196 1706.0293 Square 49.5
 175.0000  225.0000  11.9697  -0.05138069 -0.06606089 0.99649184 1708.9802 Square 49.5
 175.0000  275.0000  15.6526  -0.05132542 -0.08065423 0.99541981 1712.6707 Square 49.5
 175.0000  325.0000  20.0722  -0.05125932 -0.09519588 0.99413793 1717.1019 Square 49.5
 175.0000  375.0000  25.2283  -0.05118253 -0.10967685 0.99264865 1722.2752 Square 49.5
 175.0000  425.0000  31.1211  -0.05109519 -0.12408833 0.99095478 1728.1924 Square 49.5
 175.0000  475.0000  37.7504  -0.05099747 -0.13842170 0.98905950 1734.8554 Square 49.5
 175.0000  525.0000  45.1164  -0.05088954 -0.15266863 0.98696633 1742.2663 Square 49.5
 175.0000  575.0000  53.2189  -0.05077161 -0.16682101 0.98467913 1750.4275 Square 49.5
 175.0000  625.0000  62.0580  -0.05064389 -0.18087103 0.98220205 1759.3417 Square 49.5
 175.0000  675.0000  71.6338  -0.05050660 -0.19481119 0.97953953 1769.0117 Square 49.5
 175.0000  725.0000  81.9461  -0.05036000 -0.20863429 0.97669627 1779.4406 Square 49.5
 175.0000  775.0000  92.9950  -0.05020434 -0.22233349 0.97367723 1790.6319 Square 49.5
 175.0000  825.0000 104.7805  -0.05003987 -0.23590225 0.97048758 1802.5890 Square 49.5
 225.0000 -825.0000 107.7269  -0.06428444 0.23570961 0.96969505  1805.5815 Square 49.5
 225.0000 -775.0000  95.9414  -0.06449537 0.22215073 0.97287687  1793.6193 Square 49.5
 225.0000 -725.0000  84.8925  -0.06469502 0.20846173 0.97588845  1782.4232 Square 49.5
 225.0000 -675.0000  74.5801  -0.06488304 0.19464912 0.97872463  1771.9898 Square 49.5
 225.0000 -625.0000  65.0044  -0.06505911 0.18071974 0.98138050  1762.3156 Square 49.5
 225.0000 -575.0000  56.1653  -0.06522291 0.16668077 0.98385136  1753.3976 Square 49.5
 225.0000 -525.0000  48.0628  -0.06537415 0.15253969 0.98613278  1745.2329 Square 49.5
 225.0000 -475.0000  40.6968  -0.06551256 0.13830430 0.98822064  1737.8188 Square 49.5
 225.0000 -425.0000  34.0675  -0.06563789 0.12398268 0.99011109  1731.1530 Square 49.5
 225.0000 -375.0000  28.1747  -0.06574989 0.10958316 0.99180063  1725.2332 Square 49.5
 225.0000 -325.0000  23.0186  -0.06584837 0.09511431 0.99328609  1720.0576 Square 49.5
 225.0000 -275.0000  18.5990  -0.06593313 0.08058494 0.99456467  1715.6245 Square 49.5
 225.0000 -225.0000  14.9160  -0.06600402 0.06600402 0.99563394  1711.9324 Square 49.5
 225.0000 -175.0000  11.9697  -0.06606089 0.05138069 0.99649184  1708.9802 Square 49.5
 225.0000 -125.0000   9.7599  -0.06610364 0.03672425 0.99713672  1706.7669 Square 49.5
 225.0000  -75.0000   8.2867  -0.06613219 0.02204406 0.99756734  1705.2917 Square 49.5
 225.0000  -25.0000   7.5501  -0.06614648 0.00734961 0.99778286  1704.5543 Square 49.5
 225.0000   25.0000   7.5501  -0.06614648 -0.00734961 0.99778286 1704.5543 Square 49.5
 225.0000   75.0000   8.2867  -0.06613219 -0.02204406 0.99756734 1705.2917 Square 49.5
 225.0000  125.0000   9.7599  -0.06610364 -0.03672425 0.99713672 1706.7669 Square 49.5
 225.0000  175.0000  11.9697  -0.06606089 -0.05138069 0.99649184 1708.9802 Square 49.5
 225.0000  225.0000  14.9160  -0.06600402 -0.06600402 0.99563394 1711.9324 Square 49.5
 225.0000  275.0000  18.5990  -0.06593313 -0.08058494 0.99456467 1715.6245 Square 49.5
 225.0000  325.0000  23.0186  -0.06584837 -0.09511431 0.99328609 1720.0576 Square 49.5
 225.0000  375.0000  28.1747  -0.06574989 -0.10958316 0.99180063 1725.2332 Square 49.5
 225.0000  425.0000  34.0675  -0.06563789 -0.12398268 0.99011109 1731.1530 Square 49.5
 225.0000  475.0000  40.6968  -0.06551256 -0.13830430 0.98822064 1737.8188 Square 49.5
 225.0000  525.0000  48.0628  -0.06537415 -0.15253969 0.98613278 1745.2329 Square 49.5
 225.0000  575.0000  56.1653  -0.06522291 -0.16668077 0.98385136 1753.3976 Square 49.5
 225.0000  625.0000  65.0044  -0.06505911 -0.18071974 0.98138050 1762.3156 Square 49.5
 225.0000  675.0000  74.5801  -0.06488304 -0.19464912 0.97872463 1771.9898 Square 49.5
 225.0000  725.0000  84.8925  -0.06469502 -0.20846173 0.97588845 1782.4232 Square 49.5
 225.0000  775.0000  95.9414  -0.06449537 -0.22215073 0.97287687 1793.6193 Square 49.5
 225.0000  825.0000 107.7269  -0.06428444 -0.23570961 0.96969505 1805.5815 Square 49.5
 275.0000 -825.0000 111.4098  -0.07848982 0.23546947 0.96870712  1809.3239 Square 49.5
 275.0000 -775.0000  99.6243  -0.07874684 0.22192291 0.97187919  1797.3553 Square 49.5
 275.0000 -725.0000  88.5754  -0.07899010 0.20824663 0.97488148  1786.1532 Square 49.5
 275.0000 -675.0000  78.2631  -0.07921919 0.19444711 0.97770887  1775.7142 Square 49.5
 275.0000 -625.0000  68.6874  -0.07943371 0.18053117 0.98035646  1766.0349 Square 49.5
 275.0000 -575.0000  59.8483  -0.07963329 0.16650597 0.98281957  1757.1121 Square 49.5
 275.0000 -525.0000  51.7457  -0.07981756 0.15237898 0.98509380  1748.9429 Square 49.5
 275.0000 -475.0000  44.3798  -0.07998619 0.13815797 0.98717505  1741.5249 Square 49.5
 275.0000 -425.0000  37.7504  -0.08013888 0.12385100 0.98905950  1734.8554 Square 49.5
 275.0000 -375.0000  31.8577  -0.08027534 0.10946637 0.99074365  1728.9324 Square 49.5
 275.0000 -325.0000  26.7015  -0.08039532 0.09501265 0.99222436  1723.7540 Square 49.5
 275.0000 -275.0000  22.2820  -0.08049858 0.08049858 0.99349885  1719.3185 Square 49.5
 275.0000 -225.0000  18.5990  -0.08058494 0.06593313 0.99456467  1715.6245 Square 49.5
 275.0000 -175.0000  15.6526  -0.08065423 0.05132542 0.99541981  1712.6707 Square 49.5
 275.0000 -125.0000  13.4428  -0.08070631 0.03668469 0.99606261  1710.4562 Square 49.5
 275.0000  -75.0000  11.9697  -0.08074109 0.02202030 0.99649184  1708.9802 Square 49.5
 275.0000  -25.0000  11.2331  -0.08075849 0.00734168 0.99670666  1708.2424 Square 49.5
 275.0000   25.0000  11.2331  -0.08075849 -0.00734168 0.99670666 1708.2424 Square 49.5
 275.0000   75.0000  11.9697  -0.08074109 -0.02202030 0.99649184 1708.9802 Square 49.5
 275.0000  125.0000  13.4428  -0.08070631 -0.03668469 0.99606261 1710.4562 Square 49.5
 275.0000  175.0000  15.6526  -0.08065423 -0.05132542 0.99541981 1712.6707 Square 49.5
 275.0000  225.0000  18.5990  -0.08058494 -0.06593313 0.99456467 1715.6245 Square 49.5
 275.0000  275.0000  22.2820  -0.08049858 -0.08049858 0.99349885 1719.3185 Square 49.5
 275.0000  325.0000  26.7015  -0.08039532 -0.09501265 0.99222436 1723.7540 Square 49.5
 275.0000  375.0000  31.8577  -0.08027534 -0.10946637 0.99074365 1728.9324 Square 49.5
 275.0000  425.0000  37.7504  -0.08013888 -0.12385100 0.98905950 1734.8554 Square 49.5
 275.0000  475.0000  44.3798  -0.07998619 -0.13815797 0.98717505 1741.5249 Square 49.5
 275.0000  525.0000  51.7457  -0.07981756 -0.15237898 0.98509380 1748.9429 Square 49.5
 275.0000  575.0000  59.8483  -0.07963329 -0.16650597 0.98281957 1757.1121 Square 49.5
 275.0000  625.0000  68.6874  -0.07943371 -0.18053117 0.98035646 1766.0349 Square 49.5
 275.0000  675.0000  78.2631  -0.07921919 -0.19444711 0.97770887 1775.7142 Square 49.5
 275.0000  725.0000  88.5754  -0.07899010 -0.20824663 0.97488148 1786.1532 Square 49.5
 275.0000  775.0000  99.6243  -0.07874684 -0.22192291 0.97187919 1797.3553 Square 49.5
 275.0000  825.0000 111.4098  -0.07848982 -0.23546947 0.96870712 1809.3239 Square 49.5
 325.0000 -825.0000 115.8294  -0.09264756 0.23518226 0.96752557  1813.8174 Square 49.5
 325.0000 -775.0000 104.0439  -0.09295019 0.22165046 0.97068601  1801.8411 Square 49.5
 325.0000 -725.0000  92.9950  -0.09323662 0.20798939 0.97367723  1790.6319 Square 49.5
 325.0000 -675.0000  82.6827  -0.09350636 0.19420552 0.97649413  1780.1862 Square 49.5
 325.0000 -625.0000  73.1070  -0.09375894 0.18030565 0.97913183  1770.5006 Square 49.5
 325.0000 -575.0000  64.2678  -0.09399392 0.16629693 0.98158569  1761.5720 Square 49.5
 325.0000 -525.0000  56.1653  -0.09421087 0.15218679 0.98385136  1753.3976 Square 49.5
 325.0000 -475.0000  48.7994  -0.09440941 0.13798298 0.98592472  1745.9748 Square 49.5
 325.0000 -425.0000  42.1700  -0.09458917 0.12369353 0.98780200  1739.3010 Square 49.5
 325.0000 -375.0000  36.2773  -0.09474983 0.10932672 0.98947973  1733.3742 Square 49.5
 325.0000 -325.0000  31.1211  -0.09489107 0.09489107 0.99095478  1728.1924 Square 49.5
 325.0000 -275.0000  26.7015  -0.09501265 0.08039532 0.99222436  1723.7540 Square 49.5
 325.0000 -225.0000  23.0186  -0.09511431 0.06584837 0.99328609  1720.0576 Square 49.5
 325.0000 -175.0000  20.0722  -0.09519588 0.05125932 0.99413793  1717.1019 Square 49.5
 325.0000 -125.0000  17.8624  -0.09525720 0.03663738 0.99477825  1714.8859 Square 49.5
 325.0000  -75.0000  16.3892  -0.09529814 0.02199188 0.99520582  1713.4090 Square 49.5
 325.0000  -25.0000  15.6526  -0.09531863 0.00733220 0.99541981  1712.6707 Square 49.5
 325.0000   25.0000  15.6526  -0.09531863 -0.00733220 0.99541981 1712.6707 Square 49.5
 325.0000   75.0000  16.3892  -0.09529814 -0.02199188 0.99520582 1713.4090 Square 49.5
 325.0000  125.0000  17.8624  -0.09525720 -0.03663738 0.99477825 1714.8859 Square 49.5
 325.0000  175.0000  20.0722  -0.09519588 -0.05125932 0.99413793 1717.1019 Square 49.5
 325.0000  225.0000  23.0186  -0.09511431 -0.06584837 0.99328609 1720.0576 Square 49.5
 325.0000  275.0000  26.7015  -0.09501265 -0.08039532 0.99222436 1723.7540 Square 49.5
 325.0000  325.0000  31.1211  -0.09489107 -0.09489107 0.99095478 1728.1924 Square 49.5
 325.0000  375.0000  36.2773  -0.09474983 -0.10932672 0.98947973 1733.3742 Square 49.5
 325.0000  425.0000  42.1700  -0.09458917 -0.12369353 0.98780200 1739.3010 Square 49.5
 325.0000  475.0000  48.7994  -0.09440941 -0.13798298 0.98592472 1745.9748 Square 49.5
 325.0000  525.0000  56.1653  -0.09421087 -0.15218679 0.98385136 1753.3976 Square 49.5
 325.0000  575.0000  64.2678  -0.09399392 -0.16629693 0.98158569 1761.5720 Square 49.5
 325.0000  625.0000  73.1070  -0.09375894 -0.18030565 0.97913183 1770.5006 Square 49.5
 325.0000  675.0000  82.6827  -0.09350636 -0.19420552 0.97649413 1780.1862 Square 49.5
 325.0000  725.0000  92.9950  -0.09323662 -0.20798939 0.97367723 1790.6319 Square 49.5
 325.0000  775.0000 104.0439  -0.09295019 -0.22165046 0.97068601 1801.8411 Square 49.5
 325.0000  825.0000 115.8294  -0.09264756 -0.23518226 0.96752557 1813.8174 Square 49.5
 375.0000 -825.0000 120.9856  -0.10674932 0.23484851 0.96615255  1819.0634 Square 49.5
 375.0000 -775.0000 109.2001  -0.10709703 0.22133386 0.96929951  1807.0782 Square 49.5
 375.0000 -725.0000  98.1511  -0.10742611 0.20769047 0.97227789  1795.8606 Square 49.5
 375.0000 -675.0000  87.8388  -0.10773600 0.19392480 0.97508263  1785.4071 Square 49.5
 375.0000 -625.0000  78.2631  -0.10802617 0.18004362 0.97770887  1775.7142 Square 49.5
 375.0000 -575.0000  69.4240  -0.10829611 0.16605404 0.98015203  1766.7790 Square 49.5
 375.0000 -525.0000  61.3214  -0.10854535 0.15196349 0.98240776  1758.5984 Square 49.5
 375.0000 -475.0000  53.9555  -0.10877342 0.13777967 0.98447199  1751.1699 Square 49.5
 375.0000 -425.0000  47.3262  -0.10897992 0.12351058 0.98634097  1744.4911 Square 49.5
 375.0000 -375.0000  41.4334  -0.10916447 0.10916447 0.98801125  1738.5599 Square 49.5
 375.0000 -325.0000  36.2773  -0.10932672 0.09474983 0.98947973  1733.3742 Square 49.5
 375.0000 -275.0000  31.8577  -0.10946637 0.08027534 0.99074365  1728.9324 Square 49.5
 375.0000 -225.0000  28.1747  -0.10958316 0.06574989 0.99180063  1725.2332 Square 49.5
 375.0000 -175.0000  25.2283  -0.10967685 0.05118253 0.99264865  1722.2752 Square 49.5
 375.0000 -125.0000  23.0186  -0.10974728 0.03658243 0.99328609  1720.0576 Square 49.5
 375.0000  -75.0000  21.5454  -0.10979431 0.02195886 0.99371174  1718.5796 Square 49.5
 375.0000  -25.0000  20.8088  -0.10981785 0.00732119 0.99392477  1717.8407 Square 49.5
 375.0000   25.0000  20.8088  -0.10981785 -0.00732119 0.99392477 1717.8407 Square 49.5
 375.0000   75.0000  21.5454  -0.10979431 -0.02195886 0.99371174 1718.5796 Square 49.5
 375.0000  125.0000  23.0186  -0.10974728 -0.03658243 0.99328609 1720.0576 Square 49.5
 375.0000  175.0000  25.2283  -0.10967685 -0.05118253 0.99264865 1722.2752 Square 49.5
 375.0000  225.0000  28.1747  -0.10958316 -0.06574989 0.99180063 1725.2332 Square 49.5
 375.0000  275.0000  31.8577  -0.10946637 -0.08027534 0.99074365 1728.9324 Square 49.5
 375.0000  325.0000  36.2773  -0.10932672 -0.09474983 0.98947973 1733.3742 Square 49.5
 375.0000  375.0000  41.4334  -0.10916447 -0.10916447 0.98801125 1738.5599 Square 49.5
 375.0000  425.0000  47.3262  -0.10897992 -0.12351058 0.98634097 1744.4911 Square 49.5
 375.0000  475.0000  53.9555  -0.10877342 -0.13777967 0.98447199 1751.1699 Square 49.5
 375.0000  525.0000  61.3214  -0.10854535 -0.15196349 0.98240776 1758.5984 Square 49.5
 375.0000  575.0000  69.4240  -0.10829611 -0.16605404 0.98015203 1766.7790 Square 49.5
 375.0000  625.0000  78.2631  -0.10802617 -0.18004362 0.97770887 1775.7142 Square 49.5
 375.0000  675.0000  87.8388  -0.10773600 -0.19392480 0.97508263 1785.4071 Square 49.5
 375.0000  725.0000  98.1511  -0.10742611 -0.20769047 0.97227789 1795.8606 Square 49.5
 375.0000  775.0000 109.2001  -0.10709703 -0.22133386 0.96929951 1807.0782 Square 49.5
 375.0000  825.0000 120.9856  -0.10674932 -0.23484851 0.96615255 1819.0634 Square 49.5
 425.0000 -775.0000 115.0928  -0.12117912 0.22097369 0.96772220  1813.0683 Square 49.5
 425.0000 -725.0000 104.0439  -0.12155025 0.20735043 0.97068601  1801.8411 Square 49.5
 425.0000 -675.0000  93.7316  -0.12189974 0.19360546 0.97347695  1791.3786 Square 49.5
 425.0000 -625.0000  84.1559  -0.12222697 0.17974555 0.97609021  1781.6775 Square 49.5
 425.0000 -575.0000  75.3167  -0.12253139 0.16577776 0.97852123  1772.7345 Square 49.5
 425.0000 -525.0000  67.2142  -0.12281244 0.15170948 0.98076569  1764.5469 Square 49.5
 425.0000 -475.0000  59.8483  -0.12306963 0.13754841 0.98281957  1757.1121 Square 49.5
 425.0000 -425.0000  53.2189  -0.12330248 0.12330248 0.98467913  1750.4275 Square 49.5
 425.0000 -375.0000  47.3262  -0.12351058 0.10897992 0.98634097  1744.4911 Square 49.5
 425.0000 -325.0000  42.1700  -0.12369353 0.09458917 0.98780200  1739.3010 Square 49.5
 425.0000 -275.0000  37.7504  -0.12385100 0.08013888 0.98905950  1734.8554 Square 49.5
 425.0000 -225.0000  34.0675  -0.12398268 0.06563789 0.99011109  1731.1530 Square 49.5
 425.0000 -175.0000  31.1211  -0.12408833 0.05109519 0.99095478  1728.1924 Square 49.5
 425.0000 -125.0000  28.9113  -0.12416774 0.03651992 0.99158896  1725.9729 Square 49.5
 425.0000  -75.0000  27.4381  -0.12422077 0.02192131 0.99201243  1724.4936 Square 49.5
 425.0000  -25.0000  26.7015  -0.12424731 0.00730867 0.99222436  1723.7540 Square 49.5
 425.0000   25.0000  26.7015  -0.12424731 -0.00730867 0.99222436 1723.7540 Square 49.5
 425.0000   75.0000  27.4381  -0.12422077 -0.02192131 0.99201243 1724.4936 Square 49.5
 425.0000  125.0000  28.9113  -0.12416774 -0.03651992 0.99158896 1725.9729 Square 49.5
 425.0000  175.0000  31.1211  -0.12408833 -0.05109519 0.99095478 1728.1924 Square 49.5
 425.0000  225.0000  34.0675  -0.12398268 -0.06563789 0.99011109 1731.1530 Square 49.5
 425.0000  275.0000  37.7504  -0.12385100 -0.08013888 0.98905950 1734.8554 Square 49.5
 425.0000  325.0000  42.1700  -0.12369353 -0.09458917 0.98780200 1739.3010 Square 49.5
 425.0000  375.0000  47.3262  -0.12351058 -0.10897992 0.98634097 1744.4911 Square 49.5
 425.0000  425.0000  53.2189  -0.12330248 -0.12330248 0.98467913 1750.4275 Square 49.5
 425.0000  475.0000  59.8483  -0.12306963 -0.13754841 0.98281957 1757.1121 Square 49.5
 425.0000  525.0000  67.2142  -0.12281244 -0.15170948 0.98076569 1764.5469 Square 49.5
 425.0000  575.0000  75.3167  -0.12253139 -0.16577776 0.97852123 1772.7345 Square 49.5
 425.0000  625.0000  84.1559  -0.12222697 -0.17974555 0.97609021 1781.6775 Square 49.5
 425.0000  675.0000  93.7316  -0.12189974 -0.19360546 0.97347695 1791.3786 Square 49.5
 425.0000  725.0000 104.0439  -0.12155025 -0.20735043 0.97068601 1801.8411 Square 49.5
 425.0000  775.0000 115.0928  -0.12117912 -0.22097369 0.96772220 1813.0683 Square 49.5
 475.0000 -725.0000 110.6732  -0.13560095 0.20696987 0.96890446  1808.5752 Square 49.5
 475.0000 -675.0000 100.3609  -0.13598940 0.19324809 0.97168002  1798.1027 Square 49.5
 475.0000 -625.0000  90.7852  -0.13635310 0.17941198 0.97427880  1788.3922 Square 49.5
 475.0000 -575.0000  81.9461  -0.13669143 0.16546858 0.97669627  1779.4406 Square 49.5
 475.0000 -525.0000  73.8435  -0.13700379 0.15142525 0.97892817  1771.2452 Square 49.5
 475.0000 -475.0000  66.4776  -0.13728962 0.13728962 0.98097050  1763.8031 Square 49.5
 475.0000 -425.0000  59.8483  -0.13754841 0.12306963 0.98281957  1757.1121 Square 49.5
 475.0000 -375.0000  53.9555  -0.13777967 0.10877342 0.98447199  1751.1699 Square 49.5
 475.0000 -325.0000  48.7994  -0.13798298 0.09440941 0.98592472  1745.9748 Square 49.5
 475.0000 -275.0000  44.3798  -0.13815797 0.07998619 0.98717505  1741.5249 Square 49.5
 475.0000 -225.0000  40.6968  -0.13830430 0.06551256 0.98822064  1737.8188 Square 49.5
 475.0000 -175.0000  37.7504  -0.13842170 0.05099747 0.98905950  1734.8554 Square 49.5
 475.0000 -125.0000  35.5407  -0.13850995 0.03644999 0.98969005  1732.6337 Square 49.5
 475.0000  -75.0000  34.0675  -0.13856888 0.02187930 0.99011109  1731.1530 Square 49.5
 475.0000  -25.0000  33.3309  -0.13859837 0.00729465 0.99032181  1730.4127 Square 49.5
 475.0000   25.0000  33.3309  -0.13859837 -0.00729465 0.99032181 1730.4127 Square 49.5
 475.0000   75.0000  34.0675  -0.13856888 -0.02187930 0.99011109 1731.1530 Square 49.5
 475.0000  125.0000  35.5407  -0.13850995 -0.03644999 0.98969005 1732.6337 Square 49.5
 475.0000  175.0000  37.7504  -0.13842170 -0.05099747 0.98905950 1734.8554 Square 49.5
 475.0000  225.0000  40.6968  -0.13830430 -0.06551256 0.98822064 1737.8188 Square 49.5
 475.0000  275.0000  44.3798  -0.13815797 -0.07998619 0.98717505 1741.5249 Square 49.5
 475.0000  325.0000  48.7994  -0.13798298 -0.09440941 0.98592472 1745.9748 Square 49.5
 475.0000  375.0000  53.9555  -0.13777967 -0.10877342 0.98447199 1751.1699 Square 49.5
 475.0000  425.0000  59.8483  -0.13754841 -0.12306963 0.98281957 1757.1121 Square 49.5
 475.0000  475.0000  66.4776  -0.13728962 -0.13728962 0.98097050 1763.8031 Square 49.5
 475.0000  525.0000  73.8435  -0.13700379 -0.15142525 0.97892817 1771.2452 Square 49.5
 475.0000  575.0000  81.9461  -0.13669143 -0.16546858 0.97669627 1779.4406 Square 49.5
 475.0000  625.0000  90.7852  -0.13635310 -0.17941198 0.97427880 1788.3922 Square 49.5
 475.0000  675.0000 100.3609  -0.13598940 -0.19324809 0.97168002 1798.1027 Square 49.5
 475.0000  725.0000 110.6732  -0.13560095 -0.20696987 0.96890446 1808.5752 Square 49.5
 525.0000 -675.0000 107.7269  -0.14999702 0.19285332 0.96969505  1805.5815 Square 49.5
 525.0000 -625.0000  98.1511  -0.15039655 0.17904351 0.97227789  1795.8606 Square 49.5
 525.0000 -575.0000  89.3120  -0.15076819 0.16512707 0.97468046  1786.8995 Square 49.5
 525.0000 -525.0000  81.2095  -0.15111129 0.15111129 0.97689854  1778.6952 Square 49.5
 525.0000 -475.0000  73.8435  -0.15142525 0.13700379 0.97892817  1771.2452 Square 49.5
 525.0000 -425.0000  67.2142  -0.15170948 0.12281244 0.98076569  1764.5469 Square 49.5
 525.0000 -375.0000  61.3214  -0.15196349 0.10854535 0.98240776  1758.5984 Square 49.5
 525.0000 -325.0000  56.1653  -0.15218679 0.09421087 0.98385136  1753.3976 Square 49.5
 525.0000 -275.0000  51.7457  -0.15237898 0.07981756 0.98509380  1748.9429 Square 49.5
 525.0000 -225.0000  48.0628  -0.15253969 0.06537415 0.98613278  1745.2329 Square 49.5
 525.0000 -175.0000  45.1164  -0.15266863 0.05088954 0.98696633  1742.2663 Square 49.5
 525.0000 -125.0000  42.9066  -0.15276555 0.03637275 0.98759289  1740.0422 Square 49.5
 525.0000  -75.0000  41.4334  -0.15283026 0.02183289 0.98801125  1738.5599 Square 49.5
 525.0000  -25.0000  40.6968  -0.15286265 0.00727917 0.98822064  1737.8188 Square 49.5
 525.0000   25.0000  40.6968  -0.15286265 -0.00727917 0.98822064 1737.8188 Square 49.5
 525.0000   75.0000  41.4334  -0.15283026 -0.02183289 0.98801125 1738.5599 Square 49.5
 525.0000  125.0000  42.9066  -0.15276555 -0.03637275 0.98759289 1740.0422 Square 49.5
 525.0000  175.0000  45.1164  -0.15266863 -0.05088954 0.98696633 1742.2663 Square 49.5
 525.0000  225.0000  48.0628  -0.15253969 -0.06537415 0.98613278 1745.2329 Square 49.5
 525.0000  275.0000  51.7457  -0.15237898 -0.07981756 0.98509380 1748.9429 Square 49.5
 525.0000  325.0000  56.1653  -0.15218679 -0.09421087 0.98385136 1753.3976 Square 49.5
 525.0000  375.0000  61.3214  -0.15196349 -0.10854535 0.98240776 1758.5984 Square 49.5
 525.0000  425.0000  67.2142  -0.15170948 -0.12281244 0.98076569 1764.5469 Square 49.5
 525.0000  475.0000  73.8435  -0.15142525 -0.13700379 0.97892817 1771.2452 Square 49.5
 525.0000  525.0000  81.2095  -0.15111129 -0.15111129 0.97689854 1778.6952 Square 49.5
 525.0000  575.0000  89.3120  -0.15076819 -0.16512707 0.97468046 1786.8995 Square 49.5
 525.0000  625.0000  98.1511  -0.15039655 -0.17904351 0.97227789 1795.8606 Square 49.5
 525.0000  675.0000 107.7269  -0.14999702 -0.19285332 0.96969505 1805.5815 Square 49.5
 575.0000 -625.0000 106.2537  -0.16434955 0.17864081 0.97009107  1804.0851 Square 49.5
 575.0000 -575.0000  97.4146  -0.16475384 0.16475384 0.97247743  1795.1134 Square 49.5
 575.0000 -525.0000  89.3120  -0.16512707 0.15076819 0.97468046  1786.8995 Square 49.5
 575.0000 -475.0000  81.9461  -0.16546858 0.13669143 0.97669627  1779.4406 Square 49.5
 575.0000 -425.0000  75.3167  -0.16577776 0.12253139 0.97852123  1772.7345 Square 49.5
 575.0000 -375.0000  69.4240  -0.16605404 0.10829611 0.98015203  1766.7790 Square 49.5
 575.0000 -325.0000  64.2678  -0.16629693 0.09399392 0.98158569  1761.5720 Square 49.5
 575.0000 -275.0000  59.8483  -0.16650597 0.07963329 0.98281957  1757.1121 Square 49.5
 575.0000 -225.0000  56.1653  -0.16668077 0.06522291 0.98385136  1753.3976 Square 49.5
 575.0000 -175.0000  53.2189  -0.16682101 0.05077161 0.98467913  1750.4275 Square 49.5
 575.0000 -125.0000  51.0091  -0.16692642 0.03628835 0.98530134  1748.2008 Square 49.5
 575.0000  -75.0000  49.5359  -0.16699681 0.02178219 0.98571680  1746.7167 Square 49.5
 575.0000  -25.0000  48.7994  -0.16703203 0.00726226 0.98592472  1745.9748 Square 49.5
 575.0000   25.0000  48.7994  -0.16703203 -0.00726226 0.98592472 1745.9748 Square 49.5
 575.0000   75.0000  49.5359  -0.16699681 -0.02178219 0.98571680 1746.7167 Square 49.5
 575.0000  125.0000  51.0091  -0.16692642 -0.03628835 0.98530134 1748.2008 Square 49.5
 575.0000  175.0000  53.2189  -0.16682101 -0.05077161 0.98467913 1750.4275 Square 49.5
 575.0000  225.0000  56.1653  -0.16668077 -0.06522291 0.98385136 1753.3976 Square 49.5
 575.0000  275.0000  59.8483  -0.16650597 -0.07963329 0.98281957 1757.1121 Square 49.5
 575.0000  325.0000  64.2678  -0.16629693 -0.09399392 0.98158569 1761.5720 Square 49.5
 575.0000  375.0000  69.4240  -0.16605404 -0.10829611 0.98015203 1766.7790 Square 49.5
 575.0000  425.0000  75.3167  -0.16577776 -0.12253139 0.97852123 1772.7345 Square 49.5
 575.0000  475.0000  81.9461  -0.16546858 -0.13669143 0.97669627 1779.4406 Square 49.5
 575.0000  525.0000  89.3120  -0.16512707 -0.15076819 0.97468046 1786.8995 Square 49.5
 575.0000  575.0000  97.4146  -0.16475384 -0.16475384 0.97247743 1795.1134 Square 49.5
 575.0000  625.0000 106.2537  -0.16434955 -0.17864081 0.97009107 1804.0851 Square 49.5
 625.0000 -575.0000 106.2537  -0.17864081 0.16434955 0.97009107  1804.0851 Square 49.5
 625.0000 -525.0000  98.1511  -0.17904351 0.15039655 0.97227789  1795.8606 Square 49.5
 625.0000 -475.0000  90.7852  -0.17941198 0.13635310 0.97427880  1788.3922 Square 49.5
 625.0000 -425.0000  84.1559  -0.17974555 0.12222697 0.97609021  1781.6775 Square 49.5
 625.0000 -375.0000  78.2631  -0.18004362 0.10802617 0.97770887  1775.7142 Square 49.5
 625.0000 -325.0000  73.1070  -0.18030565 0.09375894 0.97913183  1770.5006 Square 49.5
 625.0000 -275.0000  68.6874  -0.18053117 0.07943371 0.98035646  1766.0349 Square 49.5
 625.0000 -225.0000  65.0044  -0.18071974 0.06505911 0.98138050  1762.3156 Square 49.5
 625.0000 -175.0000  62.0580  -0.18087103 0.05064389 0.98220205  1759.3417 Square 49.5
 625.0000 -125.0000  59.8483  -0.18098475 0.03619695 0.98281957  1757.1121 Square 49.5
 625.0000  -75.0000  58.3751  -0.18106068 0.02172728 0.98323189  1755.6261 Square 49.5
 625.0000  -25.0000  57.6385  -0.18109868 0.00724395 0.98343825  1754.8832 Square 49.5
 625.0000   25.0000  57.6385  -0.18109868 -0.00724395 0.98343825 1754.8832 Square 49.5
 625.0000   75.0000  58.3751  -0.18106068 -0.02172728 0.98323189 1755.6261 Square 49.5
 625.0000  125.0000  59.8483  -0.18098475 -0.03619695 0.98281957 1757.1121 Square 49.5
 625.0000  175.0000  62.0580  -0.18087103 -0.05064389 0.98220205 1759.3417 Square 49.5
 625.0000  225.0000  65.0044  -0.18071974 -0.06505911 0.98138050 1762.3156 Square 49.5
 625.0000  275.0000  68.6874  -0.18053117 -0.07943371 0.98035646 1766.0349 Square 49.5
 625.0000  325.0000  73.1070  -0.18030565 -0.09375894 0.97913183 1770.5006 Square 49.5
 625.0000  375.0000  78.2631  -0.18004362 -0.10802617 0.97770887 1775.7142 Square 49.5
 625.0000  425.0000  84.1559  -0.17974555 -0.12222697 0.97609021 1781.6775 Square 49.5
 625.0000  475.0000  90.7852  -0.17941198 -0.13635310 0.97427880 1788.3922 Square 49.5
 625.0000  525.0000  98.1511  -0.17904351 -0.15039655 0.97227789 1795.8606 Square 49.5
 625.0000  575.0000 106.2537  -0.17864081 -0.16434955 0.97009107 1804.0851 Square 49.5
 675.0000 -525.0000 107.7269  -0.19285332 0.14999702 0.96969505  1805.5815 Square 49.5
 675.0000 -475.0000 100.3609  -0.19324809 0.13598940 0.97168002  1798.1027 Square 49.5
 675.0000 -425.0000  93.7316  -0.19360546 0.12189974 0.97347695  1791.3786 Square 49.5
 675.0000 -375.0000  87.8388  -0.19392480 0.10773600 0.97508263  1785.4071 Square 49.5
 675.0000 -325.0000  82.6827  -0.19420552 0.09350636 0.97649413  1780.1862 Square 49.5
 675.0000 -275.0000  78.2631  -0.19444711 0.07921919 0.97770887  1775.7142 Square 49.5
 675.0000 -225.0000  74.5801  -0.19464912 0.06488304 0.97872463  1771.9898 Square 49.5
 675.0000 -175.0000  71.6338  -0.19481119 0.05050660 0.97953953  1769.0117 Square 49.5
 675.0000 -125.0000  69.4240  -0.19493301 0.03609870 0.98015203  1766.7790 Square 49.5
 675.0000  -75.0000  67.9508  -0.19501434 0.02166826 0.98056101  1765.2909 Square 49.5
 675.0000  -25.0000  67.2142  -0.19505505 0.00722426 0.98076569  1764.5469 Square 49.5
 675.0000   25.0000  67.2142  -0.19505505 -0.00722426 0.98076569 1764.5469 Square 49.5
 675.0000   75.0000  67.9508  -0.19501434 -0.02166826 0.98056101 1765.2909 Square 49.5
 675.0000  125.0000  69.4240  -0.19493301 -0.03609870 0.98015203 1766.7790 Square 49.5
 675.0000  175.0000  71.6338  -0.19481119 -0.05050660 0.97953953 1769.0117 Square 49.5
 675.0000  225.0000  74.5801  -0.19464912 -0.06488304 0.97872463 1771.9898 Square 49.5
 675.0000  275.0000  78.2631  -0.19444711 -0.07921919 0.97770887 1775.7142 Square 49.5
 675.0000  325.0000  82.6827  -0.19420552 -0.09350636 0.97649413 1780.1862 Square 49.5
 675.0000  375.0000  87.8388  -0.19392480 -0.10773600 0.97508263 1785.4071 Square 49.5
 675.0000  425.0000  93.7316  -0.19360546 -0.12189974 0.97347695 1791.3786 Square 49.5
 675.0000  475.0000 100.3609  -0.19324809 -0.13598940 0.97168002 1798.1027 Square 49.5
 675.0000  525.0000 107.7269  -0.19285332 -0.14999702 0.96969505 1805.5815 Square 49.5
 725.0000 -475.0000 110.6732  -0.20696987 0.13560095 0.96890446  1808.5752 Square 49.5
 725.0000 -425.0000 104.0439  -0.20735043 0.12155025 0.97068601  1801.8411 Square 49.5
 725.0000 -375.0000  98.1511  -0.20769047 0.10742611 0.97227789  1795.8606 Square 49.5
 725.0000 -325.0000  92.9950  -0.20798939 0.09323662 0.97367723  1790.6319 Square 49.5
 725.0000 -275.0000  88.5754  -0.20824663 0.07899010 0.97488148  1786.1532 Square 49.5
 725.0000 -225.0000  84.8925  -0.20846173 0.06469502 0.97588845  1782.4232 Square 49.5
 725.0000 -175.0000  81.9461  -0.20863429 0.05036000 0.97669627  1779.4406 Square 49.5
 725.0000 -125.0000  79.7363  -0.20876400 0.03599379 0.97730345  1777.2046 Square 49.5
 725.0000  -75.0000  78.2631  -0.20885060 0.02160523 0.97770887  1775.7142 Square 49.5
 725.0000  -25.0000  77.5265  -0.20889394 0.00720324 0.97791177  1774.9692 Square 49.5
 725.0000   25.0000  77.5265  -0.20889394 -0.00720324 0.97791177 1774.9692 Square 49.5
 725.0000   75.0000  78.2631  -0.20885060 -0.02160523 0.97770887 1775.7142 Square 49.5
 725.0000  125.0000  79.7363  -0.20876400 -0.03599379 0.97730345 1777.2046 Square 49.5
 725.0000  175.0000  81.9461  -0.20863429 -0.05036000 0.97669627 1779.4406 Square 49.5
 725.0000  225.0000  84.8925  -0.20846173 -0.06469502 0.97588845 1782.4232 Square 49.5
 725.0000  275.0000  88.5754  -0.20824663 -0.07899010 0.97488148 1786.1532 Square 49.5
 725.0000  325.0000  92.9950  -0.20798939 -0.09323662 0.97367723 1790.6319 Square 49.5
 725.0000  375.0000  98.1511  -0.20769047 -0.10742611 0.97227789 1795.8606 Square 49.5
 725.0000  425.0000 104.0439  -0.20735043 -0.12155025 0.97068601 1801.8411 Square 49.5
 725.0000  475.0000 110.6732  -0.20696987 -0.13560095 0.96890446 1808.5752 Square 49.5
 775.0000 -425.0000 115.0928  -0.22097369 0.12117912 0.96772220  1813.0683 Square 49.5
 775.0000 -375.0000 109.2001  -0.22133386 0.10709703 0.96929951  1807.0782 Square 49.5
 775.0000 -325.0000 104.0439  -0.22165046 0.09295019 0.97068601  1801.8411 Square 49.5
 775.0000 -275.0000  99.6243  -0.22192291 0.07874684 0.97187919  1797.3553 Square 49.5
 775.0000 -225.0000  95.9414  -0.22215073 0.06449537 0.97287687  1793.6193 Square 49.5
 775.0000 -175.0000  92.9950  -0.22233349 0.05020434 0.97367723  1790.6319 Square 49.5
 775.0000 -125.0000  90.7852  -0.22247085 0.03588240 0.97427880  1788.3922 Square 49.5
 775.0000  -75.0000  89.3120  -0.22256257 0.02153831 0.97468046  1786.8995 Square 49.5
 775.0000  -25.0000  88.5754  -0.22260847 0.00718092 0.97488148  1786.1532 Square 49.5
 775.0000   25.0000  88.5754  -0.22260847 -0.00718092 0.97488148 1786.1532 Square 49.5
 775.0000   75.0000  89.3120  -0.22256257 -0.02153831 0.97468046 1786.8995 Square 49.5
 775.0000  125.0000  90.7852  -0.22247085 -0.03588240 0.97427880 1788.3922 Square 49.5
 775.0000  175.0000  92.9950  -0.22233349 -0.05020434 0.97367723 1790.6319 Square 49.5
 775.0000  225.0000  95.9414  -0.22215073 -0.06449537 0.97287687 1793.6193 Square 49.5
 775.0000  275.0000  99.6243  -0.22192291 -0.07874684 0.97187919 1797.3553 Square 49.5
 775.0000  325.0000 104.0439  -0.22165046 -0.09295019 0.97068601 1801.8411 Square 49.5
 775.0000  375.0000 109.2001  -0.22133386 -0.10709703 0.96929951 1807.0782 Square 49.5
 775.0000  425.0000 115.0928  -0.22097369 -0.12117912 0.96772220 1813.0683 Square 49.5
 825.0000 -375.0000 120.9856  -0.23484851 0.10674932 0.96615255  1819.0634 Square 49.5
 825.0000 -325.0000 115.8294  -0.23518226 0.09264756 0.96752557  1813.8174 Square 49.5
 825.0000 -275.0000 111.4098  -0.23546947 0.07848982 0.96870712  1809.3239 Square 49.5
 825.0000 -225.0000 107.7269  -0.23570961 0.06428444 0.96969505  1805.5815 Square 49.5
 825.0000 -175.0000 104.7805  -0.23590225 0.05003987 0.97048758  1802.5890 Square 49.5
 825.0000 -125.0000 102.5707  -0.23604705 0.03576470 0.97108325  1800.3455 Square 49.5
 825.0000  -25.0000 100.3609  -0.23619211 0.00715734 0.97168002  1798.1027 Square 49.5
 825.0000   25.0000 100.3609  -0.23619211 -0.00715734 0.97168002 1798.1027 Square 49.5
 825.0000  125.0000 102.5707  -0.23604705 -0.03576470 0.97108325 1800.3455 Square 49.5
 825.0000  175.0000 104.7805  -0.23590225 -0.05003987 0.97048758 1802.5890 Square 49.5
 825.0000  225.0000 107.7269  -0.23570961 -0.06428444 0.96969505 1805.5815 Square 49.5
 825.0000  275.0000 111.4098  -0.23546947 -0.07848982 0.96870712 1809.3239 Square 49.5
 825.0000  325.0000 115.8294  -0.23518226 -0.09264756 0.96752557 1813.8174 Square 49.5
 825.0000  375.0000 120.9856  -0.23484851 -0.10674932 0.96615255 1819.0634 Square 49.5
