260  0.168976
270  0.180823
280  0.190639
290  0.19218
300  0.196431
310  0.197546
320  0.212858
330  0.229798
340  0.242375
350  0.250858
360  0.263936
370  0.268997
380  0.273221
390  0.280902
400  0.276798
410  0.278339
420  0.273486
430  0.275343
440  0.267152
450  0.265158
460  0.256554
470  0.246537
480  0.241916
490  0.231595
500  0.214683
510  0.199858
520  0.184623
530  0.168351
540  0.161342
550  0.150584
560  0.13536
570  0.114933
580  0.0872733
590  0.0688758
600  0.0598879
610  0.048965
620  0.0414054
630  0.0340656
640  0.0259531
650  0.019942
660  0.0143137
670  0.00931912
680  0.00660328
690  0.00494685
700  0.00310554
900  0
