0 1 
0 16 
0 17 
0 18 
0 19 
0 2 
0 20 
0 21 
0 22 
0 23 
0 24 
0 25 
0 26 
0 27 
0 28 
0 29 
0 3 
0 30 
0 31 
0 32 
0 34 
0 4 
0 5 
0 6 
0 7 
100 101 
100 103 
100 137 
100 138 
100 181 
10 11 
101 102 
101 138 
101 139 
101 181 
102 103 
102 139 
102 140 
10 23 
10 24 
103 104 
103 105 
103 106 
103 138 
103 140 
103 141 
103 142 
103 143 
103 182 
103 188 
103 232 
103 233 
103 234 
103 235 
103 236 
103 237 
103 238 
10 39 
104 105 
104 142 
104 143 
104 189 
10 47 
105 106 
105 143 
105 144 
105 189 
106 107 
106 109 
106 144 
106 145 
106 189 
107 108 
107 145 
107 146 
107 189 
108 109 
108 146 
108 147 
109 110 
109 111 
109 112 
109 145 
109 147 
109 148 
109 149 
109 150 
109 190 
109 196 
109 241 
109 242 
109 243 
109 244 
109 245 
109 246 
109 247 
110 111 
110 149 
110 150 
110 197 
111 112 
111 150 
111 151 
111 197 
11 12 
112 113 
112 115 
112 151 
112 152 
112 197 
11 24 
11 25 
11 26 
113 114 
113 152 
113 153 
113 197 
114 115 
114 153 
114 154 
11 43 
115 116 
115 117 
115 118 
115 152 
115 154 
115 155 
115 156 
115 157 
115 198 
115 204 
115 250 
115 251 
115 252 
115 253 
115 254 
115 255 
115 256 
116 117 
116 156 
116 157 
116 205 
117 118 
117 157 
117 158 
117 205 
1 18 
118 119 
118 121 
118 158 
118 159 
118 205 
119 120 
119 159 
119 160 
119 205 
1 2 
120 121 
120 160 
120 161 
121 122 
121 123 
121 124 
121 159 
121 161 
121 162 
121 163 
121 164 
121 206 
121 212 
121 259 
121 260 
121 261 
121 262 
121 263 
121 264 
121 265 
12 13 
122 123 
122 163 
122 164 
122 213 
12 26 
12 27 
123 124 
123 164 
123 165 
123 213 
124 125 
124 165 
124 166 
124 213 
12 43 
12 51 
125 126 
125 166 
125 167 
125 213 
126 167 
126 168 
127 128 
127 168 
127 169 
127 170 
127 216 
128 129 
128 170 
128 171 
128 173 
129 130 
129 171 
129 172 
130 131 
130 172 
130 173 
131 132 
131 173 
131 174 
13 14 
132 133 
132 173 
132 174 
132 175 
13 27 
13 28 
13 29 
133 134 
133 173 
133 175 
133 176 
134 135 
134 176 
134 177 
134 178 
13 47 
135 136 
135 178 
135 179 
135 181 
136 137 
136 179 
136 180 
137 138 
137 180 
137 181 
138 139 
138 181 
138 182 
1 39 
139 140 
139 181 
139 182 
139 183 
140 141 
140 181 
140 183 
140 184 
141 142 
141 184 
141 185 
141 186 
14 15 
142 143 
142 186 
142 187 
142 189 
14 29 
14 30 
143 144 
143 187 
143 188 
144 145 
144 188 
144 189 
14 47 
145 146 
145 189 
145 190 
14 55 
146 147 
146 189 
146 190 
146 191 
147 148 
147 189 
147 191 
147 192 
148 149 
148 192 
148 193 
148 194 
149 150 
149 194 
149 195 
149 197 
150 151 
150 195 
150 196 
151 152 
151 196 
151 197 
15 16 
152 153 
152 197 
152 198 
15 30 
15 31 
153 154 
153 197 
153 198 
153 199 
15 32 
154 155 
154 197 
154 199 
154 200 
15 51 
155 156 
155 200 
155 201 
155 202 
156 157 
156 202 
156 203 
156 205 
157 158 
157 203 
157 204 
158 159 
158 204 
158 205 
1 59 
159 160 
159 205 
159 206 
1 6 
160 161 
160 205 
160 206 
160 207 
161 162 
161 205 
161 207 
161 208 
16 17 
162 163 
162 208 
162 209 
162 210 
163 164 
16 32 
163 210 
163 211 
163 213 
16 33 
164 165 
164 211 
164 212 
16 51 
165 166 
165 212 
165 213 
16 59 
166 167 
166 213 
166 214 
167 168 
167 213 
167 214 
167 215 
168 213 
168 215 
168 216 
169 170 
169 216 
169 217 
169 218 
169 270 
1 7 
170 171 
170 173 
170 218 
170 219 
171 172 
171 219 
171 220 
17 18 
172 173 
172 220 
172 221 
173 174 
173 176 
173 219 
173 221 
173 222 
173 224 
173 274 
173 278 
17 33 
173 335 
173 336 
173 337 
173 338 
17 34 
17 35 
174 175 
174 222 
174 223 
175 176 
175 223 
175 224 
17 55 
176 177 
176 224 
176 225 
177 178 
177 225 
177 226 
177 227 
178 179 
178 181 
178 227 
178 228 
179 180 
179 228 
179 229 
1 8 
180 181 
180 229 
180 230 
181 182 
181 184 
181 228 
181 230 
181 231 
181 233 
181 284 
181 288 
181 346 
181 347 
181 348 
181 349 
182 183 
182 231 
182 232 
183 184 
183 232 
183 233 
18 35 
18 36 
18 39 
184 185 
184 233 
184 234 
185 186 
185 234 
185 235 
185 236 
18 55 
186 187 
186 189 
186 236 
186 237 
187 188 
187 237 
187 238 
188 189 
188 238 
188 239 
189 190 
189 192 
189 237 
189 239 
189 240 
189 242 
189 294 
189 298 
189 357 
189 358 
189 359 
189 360 
190 191 
190 240 
190 241 
191 192 
191 241 
191 242 
19 20 
192 193 
192 242 
192 243 
193 194 
193 243 
193 244 
193 245 
19 36 
19 37 
19 38 
194 195 
194 197 
194 245 
194 246 
195 196 
195 246 
195 247 
19 59 
19 60 
196 197 
196 247 
196 248 
197 198 
197 200 
197 246 
197 248 
197 249 
197 251 
197 304 
197 308 
197 368 
197 369 
197 370 
197 371 
198 199 
198 249 
198 250 
19 91 
199 200 
199 250 
199 251 
200 201 
200 251 
200 252 
201 202 
201 252 
201 253 
201 254 
20 21 
202 203 
202 205 
202 254 
202 255 
203 204 
203 255 
203 256 
20 38 
20 39 
204 205 
204 256 
204 257 
205 206 
205 208 
205 255 
205 257 
205 258 
205 260 
205 314 
205 318 
205 379 
205 380 
205 381 
205 382 
206 207 
206 258 
206 259 
207 208 
207 259 
207 260 
208 209 
208 260 
208 261 
209 210 
209 261 
209 262 
209 263 
2 10 
210 211 
210 213 
210 263 
210 264 
211 212 
211 264 
211 265 
21 22 
212 213 
212 265 
212 266 
213 214 
213 216 
213 264 
213 266 
213 267 
213 269 
213 324 
213 328 
213 390 
213 391 
213 392 
213 393 
21 39 
21 40 
214 215 
214 267 
214 268 
21 43 
215 216 
215 268 
215 269 
216 269 
216 270 
217 218 
217 270 
218 219 
219 220 
219 274 
220 221 
220 274 
220 275 
221 222 
221 275 
221 276 
222 223 
222 276 
222 277 
22 23 
223 224 
223 277 
223 278 
22 39 
22 40 
22 41 
22 42 
224 225 
224 278 
225 226 
226 227 
227 228 
228 229 
228 284 
229 230 
229 284 
229 285 
22 97 
2 3 
230 231 
230 285 
230 286 
231 232 
231 286 
231 287 
232 233 
232 287 
232 288 
23 24 
233 234 
233 288 
23 42 
234 235 
23 43 
235 236 
236 237 
237 238 
237 294 
238 239 
238 294 
238 295 
2 39 
239 240 
239 295 
239 296 
240 241 
240 296 
240 297 
241 242 
241 297 
241 298 
242 243 
242 298 
24 25 
2 43 
243 244 
244 245 
24 43 
24 44 
24 47 
245 246 
246 247 
246 304 
247 248 
247 304 
247 305 
248 249 
248 305 
248 306 
249 250 
249 306 
249 307 
250 251 
250 307 
250 308 
25 103 
251 252 
251 308 
252 253 
25 26 
253 254 
254 255 
25 43 
25 44 
25 45 
25 46 
255 256 
255 314 
256 257 
256 314 
256 315 
257 258 
257 315 
257 316 
258 259 
258 316 
258 317 
259 260 
259 317 
259 318 
260 261 
260 318 
261 262 
262 263 
26 27 
263 264 
264 265 
264 324 
26 46 
26 47 
265 266 
265 324 
265 325 
266 267 
266 325 
266 326 
267 268 
267 326 
267 327 
268 269 
268 327 
268 328 
269 270 
269 328 
27 28 
274 275 
274 335 
27 47 
27 48 
27 51 
275 276 
275 335 
275 336 
276 277 
276 336 
276 337 
277 278 
277 337 
277 338 
278 338 
2 8 
28 109 
28 29 
284 285 
284 346 
28 47 
28 48 
28 49 
28 50 
285 286 
285 346 
285 347 
286 287 
286 347 
286 348 
287 288 
287 348 
287 349 
288 349 
2 9 
29 30 
294 295 
294 357 
29 50 
29 51 
295 296 
295 357 
295 358 
296 297 
296 358 
296 359 
297 298 
297 359 
297 360 
298 360 
30 31 
304 305 
304 368 
30 51 
30 52 
305 306 
305 368 
305 369 
30 55 
306 307 
306 369 
306 370 
307 308 
307 370 
307 371 
308 371 
3 10 
3 11 
31 115 
3 12 
31 32 
314 315 
314 379 
31 51 
31 52 
31 53 
315 316 
315 379 
315 380 
31 54 
316 317 
316 380 
316 381 
317 318 
317 381 
317 382 
318 382 
32 33 
324 325 
324 390 
325 326 
325 390 
325 391 
32 54 
32 55 
326 327 
326 391 
326 392 
327 328 
327 392 
327 393 
328 393 
33 34 
335 336 
33 55 
33 56 
33 59 
336 337 
337 338 
3 4 
34 121 
3 43 
34 35 
34 55 
34 56 
34 57 
34 58 
346 347 
3 47 
347 348 
348 349 
35 36 
35 58 
35 59 
357 358 
358 359 
359 360 
36 39 
36 59 
36 60 
368 369 
369 370 
370 371 
37 38 
37 59 
37 60 
37 61 
37 62 
37 90 
37 91 
379 380 
380 381 
381 382 
38 39 
38 62 
38 63 
390 391 
39 129 
39 130 
39 131 
39 132 
391 392 
392 393 
39 40 
39 41 
39 60 
39 61 
39 63 
39 64 
39 65 
39 67 
39 90 
39 92 
39 96 
40 41 
40 43 
40 64 
40 65 
40 97 
4 12 
4 13 
4 14 
41 42 
41 65 
41 66 
41 67 
41 97 
42 43 
42 67 
42 68 
43 102 
43 136 
43 137 
43 138 
43 139 
43 44 
43 45 
43 65 
43 66 
43 68 
43 69 
43 70 
43 72 
43 98 
44 103 
44 45 
44 47 
44 69 
4 47 
44 70 
4 5 
4 51 
45 103 
45 46 
45 70 
45 71 
45 72 
46 47 
46 72 
46 73 
47 104 
47 108 
47 143 
47 144 
47 145 
47 146 
47 48 
47 49 
47 70 
47 71 
47 73 
47 74 
47 75 
47 77 
48 109 
48 49 
48 51 
48 74 
48 75 
49 109 
49 50 
49 75 
49 76 
49 77 
50 51 
50 77 
50 78 
51 110 
51 114 
51 150 
51 151 
51 152 
51 153 
5 14 
5 15 
51 52 
51 53 
5 16 
51 75 
51 76 
51 78 
51 79 
51 80 
51 82 
52 115 
52 53 
52 55 
52 79 
52 80 
53 115 
53 54 
53 80 
53 81 
53 82 
54 55 
54 82 
54 83 
5 51 
55 116 
55 120 
55 157 
55 158 
55 159 
55 160 
5 55 
55 56 
55 57 
55 80 
55 81 
55 83 
55 84 
55 85 
55 87 
5 6 
56 121 
56 57 
56 59 
56 84 
56 85 
57 121 
57 58 
57 85 
57 86 
57 87 
58 59 
58 87 
58 88 
59 122 
59 126 
59 164 
59 165 
59 166 
59 167 
59 60 
59 62 
59 85 
59 86 
59 88 
59 89 
59 90 
60 89 
60 90 
60 91 
61 126 
6 16 
61 62 
6 17 
6 18 
61 90 
61 91 
61 92 
62 173 
62 63 
62 91 
62 92 
62 93 
63 64 
63 93 
63 94 
64 65 
64 94 
64 95 
64 97 
65 173 
6 55 
65 66 
6 59 
65 95 
65 96 
66 67 
66 96 
66 97 
66 98 
67 181 
67 68 
67 97 
67 98 
67 99 
68 100 
68 69 
68 99 
69 100 
69 101 
69 103 
69 70 
70 101 
70 102 
70 181 
70 71 
71 102 
71 103 
71 104 
71 72 
7 18 
7 19 
7 20 
72 103 
72 104 
72 105 
72 189 
72 73 
73 105 
73 106 
7 36 
73 74 
74 106 
74 107 
74 109 
74 75 
75 107 
75 108 
75 189 
75 76 
7 59 
76 108 
76 109 
76 110 
76 77 
77 109 
77 110 
77 111 
77 197 
77 78 
7 8 
78 111 
78 112 
78 79 
79 112 
79 113 
79 115 
79 80 
80 113 
80 114 
80 197 
80 81 
81 114 
81 115 
81 116 
81 82 
8 20 
8 21 
82 115 
82 116 
82 117 
82 205 
82 83 
83 117 
83 118 
83 84 
84 118 
84 119 
84 121 
8 43 
84 85 
85 119 
85 120 
85 205 
85 86 
8 59 
86 120 
86 121 
86 122 
86 87 
87 121 
87 122 
87 123 
87 213 
87 88 
88 123 
88 124 
88 89 
8 9 
89 124 
89 125 
89 90 
89 91 
90 125 
90 126 
90 213 
9 10 
91 124 
91 126 
91 127 
91 128 
91 129 
91 166 
91 168 
91 172 
91 214 
91 217 
91 218 
91 219 
91 220 
91 268 
91 269 
91 270 
91 92 
91 93 
91 94 
9 21 
92 128 
92 129 
92 173 
9 22 
9 23 
92 93 
93 129 
93 130 
93 173 
9 39 
93 94 
94 130 
94 131 
94 173 
94 95 
94 97 
95 131 
95 132 
95 173 
95 96 
96 132 
96 133 
96 97 
97 100 
97 131 
97 133 
97 134 
97 135 
97 136 
97 174 
97 180 
97 223 
97 224 
97 225 
97 226 
97 227 
97 228 
97 229 
97 98 
97 99 
98 135 
98 136 
98 181 
98 99 
99 100 
99 136 
99 137 
99 181 
