0 1 2 
0 1 6 
0 2 3 
0 3 4 
0 4 5 
0 5 6 
100 101 138 
100 137 138 
101 102 139 
10 11 24 
101 138 139 
102 103 140 
102 139 140 
10 23 24 
103 104 142 
103 140 141 
103 141 142 
104 105 143 
104 142 143 
105 106 144 
105 143 144 
106 107 145 
106 144 145 
107 108 146 
107 145 146 
108 109 147 
108 146 147 
109 110 149 
109 147 148 
109 148 149 
110 111 150 
110 149 150 
111 112 151 
111 150 151 
11 12 26 
112 113 152 
112 151 152 
11 24 25 
11 25 26 
113 114 153 
113 152 153 
114 115 154 
114 153 154 
115 116 156 
115 154 155 
115 155 156 
116 117 157 
116 156 157 
117 118 158 
117 157 158 
118 119 159 
118 158 159 
119 120 160 
119 159 160 
120 121 161 
120 160 161 
121 122 163 
121 161 162 
121 162 163 
12 13 27 
122 123 164 
122 163 164 
12 26 27 
123 124 165 
123 164 165 
124 125 166 
124 165 166 
125 126 167 
125 166 167 
126 167 168 
127 128 170 
127 168 216 
127 169 170 
127 169 216 
1 2 8 
128 129 171 
128 170 171 
129 130 172 
129 171 172 
130 131 173 
130 172 173 
131 132 174 
131 173 174 
13 14 29 
132 133 175 
132 174 175 
13 27 28 
13 28 29 
133 134 176 
133 175 176 
134 135 178 
134 176 177 
134 177 178 
135 136 179 
135 178 179 
136 137 180 
136 179 180 
137 138 181 
137 180 181 
138 139 182 
138 181 182 
139 140 183 
139 182 183 
140 141 184 
140 183 184 
141 142 186 
141 184 185 
141 185 186 
14 15 30 
142 143 187 
142 186 187 
14 29 30 
143 144 188 
143 187 188 
144 145 189 
144 188 189 
145 146 190 
145 189 190 
146 147 191 
146 190 191 
147 148 192 
147 191 192 
148 149 194 
148 192 193 
148 193 194 
149 150 195 
149 194 195 
150 151 196 
150 195 196 
151 152 197 
151 196 197 
15 16 32 
152 153 198 
152 197 198 
15 30 31 
15 31 32 
153 154 199 
153 198 199 
154 155 200 
154 199 200 
155 156 202 
155 200 201 
155 201 202 
156 157 203 
156 202 203 
157 158 204 
157 203 204 
158 159 205 
158 204 205 
159 160 206 
159 205 206 
160 161 207 
160 206 207 
161 162 208 
161 207 208 
16 17 33 
1 6 18 
162 163 210 
162 208 209 
162 209 210 
163 164 211 
163 210 211 
16 32 33 
164 165 212 
164 211 212 
165 166 213 
165 212 213 
166 167 214 
166 213 214 
167 168 215 
167 214 215 
168 215 216 
169 170 218 
169 216 270 
169 217 218 
169 217 270 
170 171 219 
170 218 219 
171 172 220 
171 219 220 
1 7 18 
17 18 35 
172 173 221 
172 220 221 
173 174 222 
173 221 222 
17 33 34 
17 34 35 
174 175 223 
174 222 223 
175 176 224 
175 223 224 
176 177 225 
176 224 225 
177 178 227 
177 225 226 
177 226 227 
1 7 8 
178 179 228 
178 227 228 
179 180 229 
179 228 229 
180 181 230 
180 229 230 
181 182 231 
181 230 231 
182 183 232 
182 231 232 
183 184 233 
183 232 233 
18 35 36 
184 185 234 
184 233 234 
185 186 236 
185 234 235 
185 235 236 
186 187 237 
186 236 237 
187 188 238 
187 237 238 
188 189 239 
188 238 239 
189 190 240 
189 239 240 
190 191 241 
190 240 241 
191 192 242 
191 241 242 
19 20 38 
192 193 243 
192 242 243 
193 194 245 
193 243 244 
193 244 245 
19 36 60 
19 37 38 
19 37 60 
194 195 246 
194 245 246 
195 196 247 
195 246 247 
196 197 248 
196 247 248 
197 198 249 
197 248 249 
198 199 250 
198 249 250 
199 200 251 
199 250 251 
200 201 252 
200 251 252 
201 202 254 
201 252 253 
201 253 254 
20 21 39 
202 203 255 
202 254 255 
203 204 256 
203 255 256 
20 38 39 
204 205 257 
204 256 257 
205 206 258 
205 257 258 
206 207 259 
206 258 259 
207 208 260 
207 259 260 
208 209 261 
208 260 261 
209 210 263 
209 261 262 
209 262 263 
210 211 264 
210 263 264 
211 212 265 
211 264 265 
212 213 266 
21 22 40 
212 265 266 
213 214 267 
213 266 267 
21 39 40 
214 215 268 
214 267 268 
215 216 269 
215 268 269 
216 269 270 
219 220 274 
220 221 275 
220 274 275 
221 222 276 
221 275 276 
222 223 277 
222 276 277 
22 23 42 
223 224 278 
223 277 278 
22 40 41 
22 41 42 
228 229 284 
229 230 285 
229 284 285 
230 231 286 
230 285 286 
2 3 10 
231 232 287 
231 286 287 
232 233 288 
232 287 288 
23 24 43 
23 42 43 
237 238 294 
238 239 295 
238 294 295 
239 240 296 
239 295 296 
240 241 297 
240 296 297 
241 242 298 
241 297 298 
24 25 44 
24 43 44 
246 247 304 
247 248 305 
247 304 305 
248 249 306 
248 305 306 
249 250 307 
249 306 307 
250 251 308 
250 307 308 
25 26 46 
25 44 45 
25 45 46 
255 256 314 
256 257 315 
256 314 315 
257 258 316 
257 315 316 
258 259 317 
258 316 317 
259 260 318 
259 317 318 
26 27 47 
264 265 324 
26 46 47 
265 266 325 
265 324 325 
266 267 326 
266 325 326 
267 268 327 
267 326 327 
268 269 328 
268 327 328 
27 28 48 
274 275 335 
27 47 48 
275 276 336 
275 335 336 
276 277 337 
276 336 337 
277 278 338 
277 337 338 
28 29 50 
284 285 346 
28 48 49 
28 49 50 
285 286 347 
285 346 347 
286 287 348 
286 347 348 
287 288 349 
287 348 349 
2 8 9 
2 9 10 
29 30 51 
294 295 357 
29 50 51 
295 296 358 
295 357 358 
296 297 359 
296 358 359 
297 298 360 
297 359 360 
30 31 52 
304 305 368 
30 51 52 
305 306 369 
305 368 369 
306 307 370 
306 369 370 
307 308 371 
307 370 371 
3 10 11 
3 11 12 
31 32 54 
314 315 379 
31 52 53 
315 316 380 
31 53 54 
315 379 380 
316 317 381 
316 380 381 
317 318 382 
317 381 382 
32 33 55 
324 325 390 
325 326 391 
325 390 391 
32 54 55 
326 327 392 
326 391 392 
327 328 393 
327 392 393 
33 34 56 
33 55 56 
3 4 12 
34 35 58 
34 56 57 
34 57 58 
35 36 59 
35 58 59 
36 59 60 
37 38 62 
37 60 90 
37 61 62 
37 61 90 
38 39 63 
38 62 63 
39 40 64 
39 63 64 
40 41 65 
40 64 65 
4 12 13 
4 13 14 
41 42 67 
41 65 66 
41 66 67 
42 43 68 
42 67 68 
43 44 69 
43 68 69 
44 45 70 
44 69 70 
4 5 14 
45 46 72 
45 70 71 
45 71 72 
46 47 73 
46 72 73 
47 48 74 
47 73 74 
48 49 75 
48 74 75 
49 50 77 
49 75 76 
49 76 77 
50 51 78 
50 77 78 
5 14 15 
5 15 16 
51 52 79 
51 78 79 
52 53 80 
52 79 80 
53 54 82 
53 80 81 
53 81 82 
54 55 83 
54 82 83 
55 56 84 
55 83 84 
5 6 16 
56 57 85 
56 84 85 
57 58 87 
57 85 86 
57 86 87 
58 59 88 
58 87 88 
59 60 89 
59 88 89 
60 89 90 
6 16 17 
61 62 92 
6 17 18 
61 90 126 
61 91 126 
61 91 92 
62 63 93 
62 92 93 
63 64 94 
63 93 94 
64 65 95 
64 94 95 
65 66 96 
65 95 96 
66 67 98 
66 96 97 
66 97 98 
67 68 99 
67 98 99 
68 69 100 
68 99 100 
69 100 101 
69 70 101 
70 101 102 
70 71 102 
71 102 103 
71 103 104 
71 72 104 
7 18 36 
7 19 20 
7 19 36 
72 104 105 
72 73 105 
73 105 106 
73 74 106 
74 106 107 
74 75 107 
75 107 108 
75 76 108 
76 108 109 
76 109 110 
76 77 110 
77 110 111 
77 78 111 
78 111 112 
7 8 20 
78 79 112 
79 112 113 
79 80 113 
80 113 114 
80 81 114 
81 114 115 
81 115 116 
81 82 116 
8 20 21 
82 116 117 
82 83 117 
83 117 118 
83 84 118 
84 118 119 
84 85 119 
85 119 120 
85 86 120 
86 120 121 
86 121 122 
86 87 122 
87 122 123 
87 88 123 
88 123 124 
88 89 124 
89 124 125 
8 9 21 
89 90 125 
90 125 126 
9 10 23 
91 126 168 
91 127 128 
91 127 168 
91 92 128 
9 21 22 
92 128 129 
9 22 23 
92 93 129 
93 129 130 
93 94 130 
94 130 131 
94 95 131 
95 131 132 
95 96 132 
96 132 133 
96 97 133 
97 133 134 
97 134 135 
97 98 135 
98 135 136 
98 99 136 
99 100 137 
99 136 137 
